On choisit de faire 36 répétitions du MPC avec 14 participants.
On utilise un (16,64)2-RMFE pour vérifier les AND.
Taille de la signature : 211776 octets.
2.24186  2.60533
1.99202  2.59106
2.05879  3.09494
2.22285  2.6182
2.01666  2.52373
1.97886  2.56736
2.00934  2.5786
2.00165  2.5919
2.00944  2.56354
2.01973  2.66329
2.20134  2.58932
1.99384  2.58567
2.01147  2.04578
1.97918  2.66703
1.98078  3.08534
2.00532  2.48785
2.00604  2.61068
2.21744  2.60059
1.98261  2.5053
1.76364  2.56771
2.0326  2.54032
2.01783  2.53576
2.22482  2.56166
2.03068  2.03911
2.23101  2.59201
1.9943  2.5868
1.97821  2.55874
1.98537  3.0831
2.22488  2.56349
1.99094  2.04828
2.01335  3.10364
1.96319  3.11506
2.22717  2.59227
1.98486  3.08445
2.01014  2.52758
2.00393  2.53233
2.05549  2.04573
2.03053  2.66609
2.00529  2.54755
2.00206  2.53518
1.77651  2.5538
2.19395  2.56652
2.02027  2.5224
2.2182  2.5844
1.98287  3.10075
2.23391  2.54901
1.75269  2.5445
2.00782  2.05177
2.22779  2.60037
1.97988  3.03238
1.99821  2.53277
2.01527  2.51975
1.98884  2.53656
2.20825  2.57147
2.00107  2.52356
2.01704  2.51849
2.2032  2.59062
2.03078  2.52967
1.98546  2.59823
1.99524  2.49304
2.19993  2.6006
2.44339  2.65251
2.01518  2.54262
2.23233  2.62229
2.22789  2.60666
2.00143  3.11496
2.00427  2.56318
1.99522  2.5405
2.21121  2.59605
1.9663  3.0719
2.20582  2.55695
2.02436  3.07782
1.98167  2.59834
2.00261  2.5663
2.00313  2.53887
2.22206  2.56084
1.99778  2.50196
1.99962  2.4934
1.97576  2.65846
2.04226  2.63551
2.20681  2.62009
1.98112  3.08255
1.9829  3.06147
1.98395  2.55109
2.24457  2.59275
1.97751  3.04708
2.18967  2.54818
1.98869  2.61103
2.00235  3.11538
2.20636  2.5656
2.00699  3.1206
2.25377  3.10797
2.23081  3.09343
2.23146  3.13415
2.24943  3.13008
2.25448  3.11167
2.24749  3.08793
2.26489  3.09126
2.27282  3.09788
2.24994  3.11508
2.26323  3.11304
