On choisit de faire 27 répétitions du MPC avec 35 participants.
On utilise un (16,64)2-RMFE pour vérifier les AND.
Taille de la signature : 159720 octets.
3.11325  3.92881
3.06338  3.81144
3.0687  3.77996
3.05545  3.49213
3.06324  3.80729
2.95346  3.55821
2.92646  3.78328
3.05925  3.76411
3.0733  3.82812
2.94789  3.77244
2.96788  3.73275
3.06504  3.46359
3.10997  3.80712
2.95297  3.77872
3.05188  3.77978
2.96248  3.48677
3.03894  3.81239
3.08012  3.78075
3.06038  3.45447
3.0469  3.7822
3.09347  3.78387
3.05354  3.80405
3.08325  3.85281
3.06831  3.79901
2.96915  3.74101
2.92178  3.79655
3.08496  3.82955
3.0527  3.81181
3.07056  3.77974
3.06815  3.79741
3.07843  3.79341
3.06657  3.78066
3.05919  3.51333
3.09494  3.79653
3.09849  3.81594
3.08794  3.79897
3.05662  3.81786
3.04789  3.77184
3.05151  3.45545
3.06518  3.80629
2.93559  3.50153
3.08818  3.81836
3.07023  3.77616
2.9233  3.50065
3.05251  3.79705
3.0594  3.80071
3.09521  3.83464
3.07634  3.85511
2.92889  3.73623
3.07267  3.82532
2.95776  3.73743
2.91305  3.40749
3.08558  3.80543
2.97734  3.50835
3.06787  3.8073
3.09208  3.79906
3.09562  3.54363
2.94399  3.44873
3.06416  3.43897
3.05502  3.79175
3.05562  3.78829
2.92574  3.78266
3.0872  3.78709
3.07109  3.80833
2.98328  3.81665
3.05872  3.79526
3.08083  3.49001
3.08249  3.7929
3.0716  3.4801
3.0597  3.77485
3.05777  3.78136
3.09463  3.811
3.05519  3.7954
2.94742  3.80524
2.94655  3.78892
3.05017  3.78638
3.09301  3.76873
3.00161  3.78452
3.06374  3.53543
2.91142  3.75521
3.13741  3.57118
3.09181  3.53294
2.9134  3.77969
3.04822  3.79861
3.08503  3.77819
3.04611  3.75708
3.05326  3.80229
2.98704  3.49858
3.04551  3.77887
3.04853  3.80266
3.08049  3.80301
3.06522  3.78739
2.95846  3.53098
3.0544  3.77975
3.0416  3.81217
3.09901  3.57615
3.106  3.77904
2.94309  3.58084
2.95626  3.56179
3.08971  3.51746
2.92867  3.75515
