On choisit de faire 33 répétitions du MPC avec 18 participants.
On utilise un (16,64)2-RMFE pour vérifier les AND.
Taille de la signature : 194664 octets.
2.10962  3.17657
2.34949  3.17134
2.32739  2.66584
2.33083  3.14009
2.31444  3.16826
2.31689  3.17175
2.33219  3.11161
2.30561  3.13314
2.3156  3.10054
2.13484  3.10013
2.33048  3.13417
2.12587  3.07932
2.31697  2.72326
2.31059  3.13127
2.1663  2.69459
2.30537  3.11522
2.32587  2.74298
2.33151  3.204
2.10127  3.11034
2.33239  2.69226
2.31106  2.71042
2.30171  3.12803
2.33302  3.12067
2.32694  3.16433
2.30917  3.11584
2.27396  3.13297
2.15117  3.12916
2.31985  3.13805
2.12659  3.13003
2.31789  2.682
2.31084  3.13733
2.32086  2.6913
2.1373  3.13052
2.31648  3.27964
2.3265  2.69639
2.11614  3.14364
2.3233  3.13137
2.31228  3.13693
2.33319  3.14422
2.14135  3.10705
2.12707  3.09636
2.31955  3.1407
2.18124  3.09685
2.31  3.16265
2.3147  2.6719
2.3197  3.14
2.32826  3.15033
2.29649  3.14024
2.33329  2.6734
2.32359  2.69272
2.12692  3.09235
2.15718  3.15565
2.31868  3.15885
2.12278  2.76113
2.3024  3.11687
2.31677  3.13276
2.31876  3.13501
2.32371  3.16803
2.32337  3.17168
2.337  2.71986
2.157  3.15902
2.29318  3.15851
2.31355  2.81697
2.11447  3.10805
2.30096  3.1212
2.335  3.12451
2.35838  2.7487
2.31985  2.70616
2.32669  2.69278
2.11717  2.69379
2.32811  3.13024
2.13067  2.71603
2.31512  2.67032
2.29668  3.15971
2.12411  3.09948
2.11948  3.08613
2.12399  3.11077
2.29992  3.15289
2.31973  2.68411
2.36193  3.13261
2.12841  3.08933
2.12323  2.71715
2.33638  3.14852
2.30767  3.12571
2.1313  3.1555
2.13083  3.12745
2.12005  3.11299
2.14712  2.73179
2.28423  3.13531
2.33228  3.14882
2.11303  3.0762
2.31735  3.14864
2.3163  3.1462
2.14371  3.08339
2.32125  2.70915
2.13942  3.11358
2.32008  3.15964
2.32195  3.14866
2.12821  3.09059
2.31097  3.14845
2.32498  2.68854
