On choisit de faire 24 répétitions du MPC avec 57 participants.
On utilise un (16,64)2-RMFE pour vérifier les AND.
Taille de la signature : 141984 octets.
4.20009  4.83144
4.13191  4.98101
4.10883  4.86552
4.12429  4.8595
4.09442  4.6772
4.00522  4.75935
4.03165  4.6723
4.09953  4.75239
4.09656  4.74625
4.01495  4.89481
4.00907  4.78626
4.11556  4.71836
4.00562  4.91202
4.10407  4.62487
4.11449  4.6391
3.99339  4.96026
4.13774  4.89283
3.99248  4.72884
4.13748  4.95362
4.01179  4.75522
4.13376  4.70562
4.0147  4.89253
4.08684  4.69208
3.99739  4.68421
3.99304  4.91188
3.98796  4.92653
4.03272  4.92774
4.04349  4.66291
4.06453  4.75586
4.10544  4.90136
3.99898  4.70359
4.08951  4.76703
4.15309  4.76314
3.96954  4.70722
4.0003  4.91293
4.10021  4.61549
3.988  4.90293
3.98826  4.9073
4.11691  4.73232
4.09919  4.74941
4.11778  4.74865
4.12065  4.94149
3.99493  4.72623
4.09742  4.75924
4.03837  5.00695
4.01103  4.76862
4.00038  4.96693
4.09981  4.97791
3.97704  4.75374
4.02003  4.78519
4.03212  4.80177
3.99777  4.60794
4.10178  4.88437
4.05399  4.95366
3.99007  4.66307
3.99476  4.76108
3.98936  4.73097
3.99782  5.03441
4.01127  4.60996
3.98405  4.70213
3.9946  4.80106
4.09022  4.72867
4.14012  4.85697
4.12233  4.71993
4.11342  4.61676
4.00408  4.94023
4.09167  4.94275
4.09057  4.68441
4.03449  4.74186
4.01768  4.6578
3.97943  4.75125
4.09701  4.61508
4.11801  4.6729
4.12499  4.78919
3.99739  4.54633
4.10224  4.7025
4.00726  4.64792
4.07537  4.65497
4.11386  4.79895
4.01641  4.96767
4.09574  4.6873
4.1001  4.58191
4.01545  4.71002
4.15522  4.69866
3.98735  4.66468
4.07848  4.63852
4.04217  4.74334
3.99785  4.68417
4.02366  5.01854
4.01082  4.62097
4.00889  4.80528
3.98534  4.93597
3.99271  5.04175
3.99227  4.68033
4.02619  4.7252
4.10219  4.64899
4.01159  4.73499
4.10413  5.0411
4.01036  4.75144
4.10644  4.69661
3.99853  4.65329
