On choisit de faire 30 répétitions du MPC avec 24 participants.
On utilise un (16,64)2-RMFE pour vérifier les AND.
Taille de la signature : 176976 octets.
2.76851  3.69907
2.64542  4.16052
2.52219  4.1404
2.53022  4.19483
2.53192  4.16988
2.51414  4.11932
2.9569  3.67701
2.93811  4.12314
2.53296  4.11499
2.53732  4.13584
2.53806  4.14524
2.516  4.13105
2.52972  4.12211
2.54436  4.15138
2.51985  4.12635
2.52753  4.11026
2.51865  4.13411
2.53011  4.14588
2.52779  4.17153
2.52769  4.13425
2.52898  4.14285
2.96514  3.66164
2.3919  4.13183
2.53763  4.14428
2.52549  4.09916
2.73131  4.14108
2.53316  4.08686
2.50707  4.10528
2.54199  4.08072
2.548  4.11992
2.51098  4.10732
2.72439  4.14825
2.51786  4.10565
2.71641  4.16163
2.52795  4.16975
2.52379  4.09067
2.52666  4.11406
2.52982  4.10167
2.5329  4.10174
2.53449  4.10124
2.52756  4.10241
2.53113  4.11518
2.52736  4.11038
2.54074  4.09578
2.53004  4.08523
2.49772  4.10195
2.52369  4.11654
2.76816  3.64859
2.52703  4.12006
2.52914  4.12597
2.5201  4.09456
2.5296  4.11153
2.53232  4.11962
2.55417  4.11598
2.5113  4.09619
2.53306  4.10469
2.52514  4.10014
2.53229  4.10042
2.53239  4.08667
2.54074  4.11109
2.95739  4.10674
2.63373  4.08953
2.52501  4.11397
2.52782  4.09078
2.52608  4.1114
2.51602  3.97426
2.53911  3.64873
2.52124  4.10035
2.62938  4.11795
2.54317  4.13999
2.53625  4.11395
2.53071  4.12597
2.53367  4.09826
2.52257  4.0894
2.52989  4.09457
2.52594  4.09768
2.51565  4.07953
2.49821  4.09305
2.52605  3.91701
2.52183  3.64753
2.51542  3.65139
2.52377  3.65133
2.53758  3.63664
2.52217  3.65686
2.71425  4.1644
2.52605  3.63976
2.52532  3.66717
2.52691  3.64518
2.54602  3.65105
2.53024  3.99574
2.52559  3.64368
2.5155  3.66259
2.52707  3.66492
2.53347  3.64949
2.55929  3.64689
2.51381  3.64083
2.53975  3.64653
2.53084  3.70973
2.51317  3.65475
2.53063  3.66805
2.51468  3.64463
