On choisit de faire 18 répétitions du MPC avec 256 participants.
On utilise un (16,64)2-RMFE pour vérifier les AND.
Taille de la signature : 107088 octets.
11.9727  13.5088
11.5399  12.7497
11.4462  12.5925
11.4831  13.0001
11.4856  12.9176
11.4341  12.6319
11.5523  12.6173
11.395  12.5869
11.5983  12.7051
11.458  12.8658
11.6368  12.9311
11.4403  12.9008
11.5508  12.9847
11.474  12.9092
11.449  13.0156
11.367  12.666
11.4727  12.7081
11.4663  12.6757
11.3973  12.8734
11.6032  12.8801
11.5009  12.6173
11.5411  12.9423
11.4499  12.8604
11.3679  12.9151
11.3354  12.6359
11.3253  12.7933
11.6153  13.268
11.54  12.938
11.5712  12.9503
11.4092  12.8788
11.6638  12.614
11.5138  12.6642
11.6212  13.0334
11.4914  12.6448
11.3468  12.5619
11.3262  12.6409
11.3195  13.0007
11.4085  12.6573
11.5554  12.9315
11.3802  12.5993
11.3515  12.6732
11.6952  12.7574
11.3623  12.9106
11.5528  12.6991
11.5346  13.0668
11.4514  12.9042
11.3476  12.8241
11.5633  13.0944
11.4132  12.6491
11.4479  12.8628
11.3453  12.6156
11.369  12.6458
11.7756  12.6087
11.4477  12.8999
11.6628  12.9696
11.3581  12.6371
11.6058  12.6665
11.5191  12.9162
11.392  12.8321
11.4  12.6487
11.4106  12.6358
11.5028  12.9169
11.3553  12.6889
11.7898  12.6696
11.3787  12.8533
11.5419  12.9268
11.3368  12.6761
11.5769  12.6596
11.4684  12.8851
11.5  13.0664
11.4567  12.6697
11.4466  12.757
11.3086  12.9158
11.463  12.9854
11.6664  12.8131
11.5344  12.935
11.5907  12.6453
11.4488  12.6533
11.3905  12.6118
11.382  12.6287
11.4701  12.9781
11.4258  12.6551
11.3625  12.8869
11.5027  12.8823
11.5503  12.9389
11.6218  12.6604
11.525  12.988
11.5323  12.6538
11.437  12.8721
11.5548  12.9793
11.3732  12.6978
11.4648  12.7731
11.417  12.8556
11.5218  12.9038
11.5078  13.045
11.5002  12.8984
11.6322  12.8888
11.4733  12.9571
11.6083  12.9039
11.5064  12.8858
11.5468  12.9183
