On choisit de faire 48 répétitions du MPC avec 7 participants.
On utilise un (16,64)2-RMFE pour vérifier les AND.
Taille de la signature : 281568 octets.
1.82119  2.88901
1.70462  2.56301
1.701  2.5918
1.74874  2.5376
1.70228  2.5522
1.70248  2.53517
1.69941  2.53459
1.71173  2.52959
1.67262  2.53717
1.70426  2.52995
1.69563  2.53108
1.708  2.52686
1.67622  2.5803
1.70003  2.52766
1.70179  2.52884
1.70998  2.53715
1.69572  2.52008
1.69171  2.52443
1.70395  2.53814
1.70668  2.52214
1.7019  2.53323
1.69341  2.5422
1.68937  2.53842
1.69238  2.55854
1.69503  2.55179
1.73735  2.53265
1.69863  2.53848
1.70807  2.52036
1.70539  2.54802
1.70618  2.52846
1.70012  2.54073
1.70604  2.56102
1.70019  2.53213
1.69274  2.53639
1.70298  2.52172
1.69813  2.53356
1.70912  2.54207
1.69759  2.54612
1.70746  2.50459
1.70943  2.506
1.7112  2.52617
1.69188  2.52302
1.70116  2.53482
1.6998  2.51838
1.70676  2.53156
1.69781  2.52051
1.6929  2.55745
1.70908  2.54506
1.69241  2.56585
1.7146  2.53304
1.69882  2.53831
1.74162  2.54035
1.70069  2.55689
1.72821  2.55129
1.69216  2.50884
1.6701  2.53121
1.69605  2.54099
1.69415  2.5373
1.7023  2.52231
1.69087  2.53309
1.70369  2.51113
1.71489  2.51175
1.70681  2.52242
1.69806  2.52146
1.70574  2.54877
1.71539  2.53813
1.69847  2.53521
1.69036  2.56534
1.69868  2.53963
1.71087  2.54554
1.6936  2.55937
1.70849  2.54996
1.70726  2.57068
1.71018  2.53049
1.69253  2.53121
1.69368  2.53834
1.70129  2.53999
1.70429  2.54515
1.69627  2.52826
1.69423  2.51931
1.74122  2.50978
1.69693  2.53195
1.71717  2.53636
1.69014  2.56279
1.70453  2.52877
1.69864  2.52588
1.70096  2.51381
1.7083  2.52829
1.6952  2.56106
1.70999  2.54231
1.70122  2.53679
1.71111  2.52355
1.70046  2.52127
1.73027  2.53043
1.68611  2.56776
1.72832  2.52933
1.70296  2.52815
1.74065  2.5466
1.71071  2.53933
1.69258  2.55255
1.71082  2.52789
