On choisit de faire 21 répétitions du MPC avec 107 participants.
On utilise un (16,64)2-RMFE pour vérifier les AND.
Taille de la signature : 124584 octets.
6.43683  7.46804
6.33179  7.1429
6.29713  6.98238
6.23488  7.11123
6.1539  6.90573
6.30076  7.10368
6.12577  7.18405
6.1417  7.12392
6.24703  7.16514
6.11075  7.30526
6.12204  7.17147
6.12981  7.17298
6.20293  7.10693
6.18759  7.16844
5.94315  6.88406
5.96692  6.90759
6.28443  6.92368
6.16535  7.11622
6.17586  7.11
6.10471  6.85713
6.09551  7.15861
6.32121  7.14648
6.22442  7.08207
6.11018  6.95534
6.21484  7.12957
6.10909  7.17218
6.11287  7.12363
6.28691  7.08949
6.33225  7.19105
6.10852  6.83433
6.16993  6.84283
6.1282  6.89826
6.29303  7.13237
6.26395  7.14067
6.21541  7.11071
6.2679  7.18337
6.27689  7.1433
5.96873  6.90046
6.25367  6.91041
6.28902  7.19398
6.30024  6.82396
6.22427  6.8662
6.13222  7.13119
6.08345  6.64909
6.20059  7.09595
6.16083  6.64236
6.11159  7.02701
6.30222  7.13866
6.09777  7.1457
6.23796  7.13966
6.31849  7.20895
6.23165  7.11897
6.27786  7.18244
6.26037  7.12783
6.14704  6.67959
5.92413  6.95384
6.25945  7.07195
6.23031  7.22113
6.25437  7.13658
6.2621  7.14826
6.29976  6.91263
6.2685  6.96968
6.2419  7.10367
6.27137  7.15369
6.31698  7.17673
6.39946  6.90779
6.25078  7.10807
6.26099  6.82507
6.14098  7.20226
6.06545  6.86242
6.16737  6.84005
6.117  7.14529
6.14431  6.65228
6.29061  6.83074
6.16255  7.09638
6.15802  6.86754
6.13914  7.06933
6.1151  6.88607
6.11487  7.15023
6.25623  7.07688
6.28392  7.14981
6.21769  7.18161
6.28257  6.92625
6.12067  6.71761
6.21491  6.86659
6.10976  7.07247
6.11182  6.89961
6.15018  6.8477
6.1874  6.84026
6.09261  6.81672
6.11571  6.88718
6.25795  7.12056
6.32409  7.14581
6.25328  6.84882
6.24791  6.94468
6.26816  7.12964
6.24095  7.0557
6.22582  7.11385
5.93478  6.84882
6.09703  7.12691
6.12077  7.11506
