On choisit de faire 30 répétitions du MPC avec 64 participants.
On utilise un (16,48)2-RMFE pour vérifier les AND.
On fait la technique de vérification Banquet couplée à du RMFE : les polynômes d'entrée seront de degré 3 au nombre de 90.
Taille de la signature : 129696 octets.
5.70434  6.2528
5.24201  6.25057
5.26281  6.28215
5.33184  6.2663
5.31597  6.2527
5.21737  6.25097
5.23208  6.24748
5.25328  6.25589
5.32441  6.25176
5.24935  6.23363
5.31232  6.26159
5.23026  6.25249
5.35586  6.26647
5.30637  6.25324
5.31855  6.25889
5.22945  6.26822
5.25153  6.25706
5.33685  6.23963
5.3222  6.25945
5.31214  6.23164
5.30769  5.82571
5.2004  6.24641
5.27882  6.2341
5.26747  6.2958
5.25925  6.2544
5.26018  6.28825
5.24269  6.25732
5.14041  6.25194
5.18733  6.26967
5.17707  6.20726
5.12787  6.19895
5.1491  6.18569
5.13887  6.20588
5.23846  6.21188
5.16941  6.18293
5.14346  6.32959
5.15978  6.18821
5.16401  6.19211
5.39888  6.79389
5.2193  6.25853
5.28415  6.25914
5.22394  6.24966
5.33754  5.77493
5.23916  6.26742
5.2375  6.01842
5.21816  6.27361
5.23783  6.27825
5.16075  6.23405
5.17698  6.27817
5.15159  6.26338
5.16543  6.23772
5.11707  6.22182
5.17456  6.16642
5.20425  6.2439
5.0919  6.2055
5.07755  6.20001
5.05266  6.19074
5.16091  6.17258
5.04958  6.20701
5.14842  6.25489
5.12245  6.25528

moyenne : 5.23s / 6.23s