On choisit de faire 30 répétitions du MPC avec 64 participants.
On utilise un (16,48)2-RMFE pour vérifier les AND.
On fait la technique de vérification Banquet couplée à du RMFE : les polynômes d'entrée seront de degré 35 au nombre de 10.
Taille de la signature : 106656 octets.

9.18353  10.2832
8.76754  9.66817
8.73646  9.9823
8.74811  9.96662
8.76928  9.6991
8.71222  9.70261
8.87018  9.99357
8.78713  9.96301
8.78822  9.96485
8.77496  9.66245
8.75272  9.98381
8.81683  9.94939
8.77855  9.51721
8.75198  9.62495
8.71547  9.69548
8.75966  9.67419
8.78363  9.6979
8.77848  9.67458
8.83437  9.69622
8.77162  9.67326
8.71646  9.74364
8.82261  9.98833
8.69888  9.52517
8.62597  10.2365
8.64295  9.95511
8.79525  10.0185
8.79469  9.50249
8.76307  9.99308
8.85409  9.53276
8.86424  9.5125
8.65572  9.99018
8.81511  9.5433
8.84839  9.54267
8.85089  9.53267
8.80732  10.0106
8.84596  9.94745
8.84393  9.53463
8.78651  9.54575
8.88818  9.98952
8.85288  9.98153
8.8477  9.98747
8.85826  9.99246
8.85775  9.97273
8.88316  10.0104
8.87566  10.0128
8.84309  9.53056
8.85586  9.99294
8.85944  9.99893
8.85883  9.99668
8.89189  10.0063
8.89221  9.55981
8.87317  9.99883
8.84828  9.98571
8.86468  9.98982
8.92907  10.0174
8.85504  9.95732
8.9023  10.0136
8.87369  9.98821
8.8661  9.98674
8.85186  9.52469
8.84762  9.97979

moyenne : 8.82s / 9.84s