On choisit de faire 30 répétitions du MPC avec 64 participants.
On utilise un (16,48)2-RMFE pour vérifier les AND.
On fait la technique de vérification Banquet couplée à du RMFE : les polynômes d'entrée seront de degré 1 au nombre de 180.
Taille de la signature : 161736 octets.
6.04268  5.29866
5.31209  4.74257
5.31672  4.79984
5.28509  4.75558
5.27101  4.75192
5.2996  4.75067
5.27183  4.77999
5.26164  4.78701
5.26845  4.82277
5.2755  4.75115
5.26868  4.74254
5.25549  4.75301
5.24313  4.79141
5.23556  4.7784
5.25939  4.78507
5.25161  4.79723
5.24462  4.77051
5.27114  4.80046
5.24009  4.77117
5.25237  4.7686
5.28041  4.75599
5.28831  4.80262
5.28265  4.74267
5.25348  4.74789
5.25533  4.77314
5.23484  4.72972
5.2327  4.76072
5.26444  4.79814
5.25735  4.73912
5.17728  4.67506
5.20528  4.66143
5.17662  4.64686
5.16529  4.63414
5.16944  4.63644
5.20107  4.65625
5.18586  4.6558
5.22779  4.78588
5.23974  4.76532
5.24499  4.73213
5.23496  4.73059
5.24727  4.78878
6.63968  5.54792
5.38702  5.19949
5.4579  5.20178
5.33147  4.8136
5.54103  5.3221
5.65567  5.13795
5.58588  5.1719
5.33672  4.88244
6.37308  5.52682
5.32171  4.83908
5.31648  5.20833
5.3015  4.83233
5.26733  5.03184
5.26665  4.82935
5.77466  4.93896
5.44889  4.77034
5.24163  4.83417
5.25178  4.799
5.40008  5.33453
5.71236  4.88643

moyenne : 5.35s / 4.86s