On choisit de faire 30 répétitions du MPC avec 64 participants.
On utilise un (16,48)2-RMFE pour vérifier les AND.
On fait la technique de vérification Banquet couplée à du RMFE : les polynômes d'entrée seront de degré 8 au nombre de 40.
Taille de la signature : 112596 octets.
6.09316  6.23771
5.84268  7.79087
6.11121  7.10152
5.85756  6.66993
5.71028  6.42495
5.43587  6.82335
6.03875  6.75831
5.40189  6.5992
5.51141  6.59405
5.36111  6.61132
5.32539  6.55819
5.41657  6.56647
5.30857  6.58198
5.31517  6.56723
5.25091  6.5609
5.31688  6.12606
5.29147  6.55489
5.23657  6.56929
5.31026  6.55307
5.26533  6.53828
5.36693  6.59771
5.31698  6.57067
5.35119  6.59194
5.36181  6.5612
5.31449  6.57114
5.32966  6.59738
5.23658  6.57864
5.24789  6.58942
5.33898  6.56067
5.30824  6.5712
5.31846  6.558
5.39819  6.57631
5.23012  6.57049
5.28267  6.59395
5.3437  6.55383
5.31781  6.57182
5.33337  6.5848
5.30979  6.57904
5.37744  6.58923
5.32045  6.57027
5.32688  6.57232
5.32389  6.57797
5.31364  6.54924
5.36303  6.57132
5.34917  6.59221
5.30407  6.55937
5.31605  6.55283
5.26414  6.5784
5.33306  6.58068
5.33088  6.55603
5.23937  6.5477
5.39455  6.56983
5.31897  6.56399
5.32707  6.59277
5.32544  6.59713
5.39051  6.57987
5.30296  6.57333
5.26743  6.58607
5.37691  6.58654
5.2409  6.55759
5.42388  6.57217

moyenne : 5.39s / 6.6s