On choisit de faire 30 répétitions du MPC avec 64 participants.
On utilise un (16,48)2-RMFE pour vérifier les AND.
On fait la technique de vérification Banquet couplée à du RMFE : les polynômes d'entrée seront de degré 11 au nombre de 30.
Taille de la signature : 109536 octets.
6.2575  6.71345
6.86255  6.50365
6.21181  6.60583
6.42081  6.49186
6.45955  7.0607
6.64514  6.90522
6.22002  7.5176
6.56282  7.01342
6.31895  8.09319
6.54096  6.78543
6.17892  6.96401
6.21835  7.5444
7.49501  6.62944
6.18911  7.19849
6.10348  6.65698
7.01547  7.01498
6.08687  6.50872
6.06181  6.52128
6.22881  6.4964
6.08394  6.94859
6.15479  6.51099
6.08809  6.52882
6.09777  6.49524
6.15417  6.51406
6.08715  6.51757
6.0953  6.50042
6.0827  6.49062
6.16035  6.50439
6.21925  6.63357
6.08183  6.8929
6.05838  7.32962
6.01897  6.8542
5.97998  6.79056
5.94683  6.42711
6.02666  6.86494
5.95336  6.42747
6.01023  6.42084
5.98289  6.78126
6.00534  6.83413
5.98923  6.42175
6.00112  6.45995
6.00928  6.43488
6.04836  6.4521
6.10289  6.42475
6.01481  6.45826
5.99217  6.85001
6.04613  6.43523
5.93833  6.8795
6.0201  6.85186
5.97736  6.83933
5.9836  6.44491
5.98731  6.4189
5.91625  6.86719
5.94912  6.47033
5.99491  6.42874
6.00721  6.41345
6.04261  6.44446
6.00938  6.44615
6.06485  6.44287
6.02401  6.44042
6.18963  7.17947

moyenne : 6.16s / 6.7s