On choisit de faire 30 répétitions du MPC avec 64 participants.
On utilise un (16,48)2-RMFE pour vérifier les AND.
On fait la technique de vérification Banquet couplée à du RMFE : les polynômes d'entrée seront de degré 44 au nombre de 8.
Taille de la signature : 107556 octets.
10.5151  12.0184
10.0344  10.7576
10.2633  10.7855
10.2811  10.7816
10.3363  11.176
10.2674  11.1744
10.3214  11.1923
10.3448  11.208
10.2617  11.1881
10.3107  10.7767
10.2768  11.1724
10.3139  11.1992
10.2944  11.1838
10.2255  11.1798
10.3571  10.7739
10.2596  11.1896
10.3018  11.22
10.2597  11.1895
10.2554  10.7677
10.2901  11.1946
10.2973  11.222
10.507  11.2
10.3626  11.1695
10.2829  11.1998
10.3047  12.1074
10.3327  11.2551
10.261  11.3862
10.3631  11.5319
10.2924  11.2741
10.3892  10.7272
10.2513  11.3388
10.2576  10.8459
10.7228  10.8021
10.2843  10.755
10.2839  11.4173
10.6046  11.1863
10.0382  10.8228
10.4254  10.7316
10.0521  11.2346
10.0274  10.7693
10.0598  11.1636
10.0536  10.769
10.0415  11.215
10.0034  10.7452
10.0263  10.7747
10.0009  10.7555
10.0474  11.1773
10.0855  10.8039
10.0681  11.1793
10.031  11.1402
10.0145  11.1581
10.0509  11.1758
10.0227  10.7484
10.0732  11.2008
10.0465  11.155
10.0214  11.1707
10.043  10.7205
10.0602  11.1843
10.0613  10.7327
10.2478  11.1654
10.2616  11.1741
10.1958  11.197

moyenne : 10.22s / 11.09s