On choisit de faire 30 répétitions du MPC avec 64 participants.
On utilise un (16,48)2-RMFE pour vérifier les AND.
On fait la technique de vérification Banquet couplée à du RMFE : les polynômes d'entrée seront de degré 17 au nombre de 20.
Taille de la signature : 107016 octets.
6.19417  6.1665
6.19225  7.03863
6.18409  7.03994
6.21318  7.65933
6.3043  7.12529
6.48808  7.75788
7.08781  7.17373
6.36514  7.7786
6.90347  7.45147
6.23758  7.35981
7.54386  7.20828
6.49246  7.89381
6.68201  7.41672
6.33778  7.89821
6.52713  6.67835
7.04736  7.77769
6.63569  7.96573
6.70659  7.62532
6.5327  7.41089
6.39242  7.72968
6.26057  7.32859
6.85616  7.85373
6.50844  7.85494
6.17962  7.03689
6.17346  8.72611
7.2268  7.05199
7.16106  7.81323
6.32683  6.3742
6.30055  7.12216
6.65689  7.53684
6.35145  6.70594
6.32779  7.13054
6.21095  7.12835
6.29677  7.10801
6.27482  7.15076
6.26655  7.11372
6.31344  7.14559
6.72684  7.12925
6.26269  7.11394
6.27958  7.12947
6.20428  7.1515
6.31545  7.1382
6.31538  7.15393
6.29583  7.13884
6.29861  7.1177
6.32358  7.11194
6.28756  7.12393
6.30901  7.14236
7.34073  7.34914
6.49242  7.63789
7.02202  7.50159
7.19763  7.19114
6.32492  7.76367
7.11963  6.91892
6.27872  7.4295
6.18957  7.09243
6.15381  7.39982
6.19725  7.07175
6.15744  7.43693
6.19486  7.41307
6.50352  7.34916

moyenne : 6.48s / 7.32s