On choisit de faire 30 répétitions du MPC avec 64 participants.
On utilise un (16,48)2-RMFE pour vérifier les AND.
On fait la technique de vérification Banquet couplée à du RMFE : les polynômes d'entrée seront de degré 23 au nombre de 15.
Taille de la signature : 106296 octets.
7.98532  8.11313
8.06479  9.40053
7.16988  8.3103
8.59437  9.15947
7.92782  8.59412
7.43134  9.5666
7.28272  8.04339
7.47122  9.37352
7.93698  8.66615
7.70824  7.97761
7.55848  9.08499
7.78042  9.41907
7.17979  7.91852
7.38918  8.07141
7.02028  8.51327
7.39967  7.11737
7.05994  7.77837
6.94937  7.90825
7.02469  7.83564
6.91226  7.83841
6.93611  7.84544
6.99405  7.81568
7.01107  7.66003
7.02687  7.70175
6.87088  7.808
7.00944  7.83934
7.0284  7.83704
7.00191  7.82506
7.00389  7.83131
6.99383  7.85514
6.96515  7.8677
6.99294  7.40298
7.05497  7.9319
7.01564  7.42193
7.05375  7.41748
7.01402  7.8376
7.02724  7.87568
6.92756  7.33554
6.88581  7.31367
6.83497  7.86622
6.83615  7.77039
6.91259  7.34916
6.87083  7.7588
6.86515  7.8792
6.81409  7.75578
6.69225  7.77414
6.86324  7.75482
6.79486  7.77026
6.71477  7.76676
6.90677  7.32923
6.89645  7.34486
6.87668  7.31619
6.93496  7.76772
6.86109  7.76848
6.91843  7.77723
6.82457  7.75265
6.83222  7.76738
6.92045  7.74382
6.8934  6.90984
6.80616  7.76766
6.92928  7.77747
6.76223  7.7487
6.73019  7.76513

moyenne : 7.09s / 7.92s