On choisit de faire 21 répétitions du MPC avec 256 participants.
On utilise un (16,48)2-RMFE pour vérifier les AND.
On fait la technique de vérification Banquet couplée à du RMFE : les polynômes d'entrée seront de degré 23 au nombre de 15.
Taille de la signature : 55830 octets.
18.7997  18.745
18.3052  17.9688
18.1443  17.8907
18.1467  17.8607
18.114  17.926
18.1269  17.914
18.1195  17.8881
18.1361  17.8864
18.1141  17.8571
18.141  17.8851
18.1531  17.9388
18.153  17.8823
18.1834  17.87
18.1279  17.8959
18.1501  17.8444
18.1078  17.8738
18.1524  17.892
18.2801  18.0139
18.1646  17.8868
18.1572  17.8978
18.1693  17.8726
18.1899  17.9325
18.1269  17.8738
18.11  17.8636
18.1358  17.8772
18.1528  17.9132
18.1238  17.8576
18.1572  17.8828
18.1297  17.836
18.1828  17.9138
18.1053  17.9283
18.2035  17.9155
18.2104  17.9274
18.1964  17.9501
18.1243  17.8789
18.1521  17.923
18.179  17.9268
18.154  17.8749
18.1134  17.9461
18.1919  17.8549
18.2182  17.9377
18.1383  17.9515
18.1925  17.884
18.223  17.8865
18.1575  17.9371
18.1127  17.861
18.2001  17.9338
18.1184  17.9365
18.1682  17.8735
18.1674  17.9605
18.1008  18.2655
18.1273  17.8347
18.1644  17.9222
18.1583  17.8961
18.1775  17.8787
18.1433  17.8759
18.1023  17.9121
18.1597  17.9068
18.1866  17.8923
18.1324  17.8428
18.1576  17.8974
18.1638  17.8669
18.0974  17.8902
18.1888  17.9532
18.1016  17.918
18.151  17.8628
18.1393  17.8768
18.0927  17.8845
18.1437  17.8567
18.1648  17.8725
18.1115  17.9221
18.1334  17.8771
18.2969  17.8757
18.1886  17.8857
18.1948  17.8825
18.1472  17.8959
18.1596  17.8599
18.1561  17.8804
18.1448  17.8677
18.188  17.8624
18.1481  17.8537
18.1071  17.8507
18.1261  17.8631
18.1484  17.9591
18.1715  17.936
18.1937  17.9082
18.1463  17.8863
18.12  17.931
18.1332  17.8924
18.1103  17.8387
18.0849  17.9578
18.2812  17.8675
18.1645  17.8649
18.1111  17.8779
18.0878  17.8868
18.1481  17.8839
18.1289  17.9326
18.1922  17.924
18.1154  17.8842
18.1302  17.8774
18.1295  17.873
