On choisit de faire 48 répétitions du MPC avec 8 participants.
On utilise un (16,48)2-RMFE pour vérifier les AND.
On fait la technique de vérification Banquet couplée à du RMFE : les polynômes d'entrée seront de degré 23 au nombre de 15.
Taille de la signature : 123648 octets.
1.75223  1.45789
1.46303  1.17664
1.5023  1.16172
1.4695  1.1673
1.45664  1.16839
1.45459  1.17089
1.45042  1.16557
1.47438  1.16431
1.49098  1.17432
1.46971  1.17019
1.44656  1.15875
1.45728  1.17222
1.44745  1.17216
1.48637  1.15769
1.47515  1.16247
1.47014  1.15408
1.44239  1.1695
1.46071  1.16404
1.43516  1.16727
1.44985  1.17416
1.43573  1.1744
1.44096  1.16685
1.47584  1.16108
1.44403  1.15216
1.4768  1.16388
1.46113  1.18325
1.43723  1.16793
1.4617  1.17099
1.44338  1.17395
1.44682  1.16117
1.44495  1.15806
1.45151  1.1608
1.44614  1.16399
1.44637  1.16734
1.44047  1.17001
1.46896  1.16708
1.46651  1.15725
1.44813  1.16594
1.48451  1.16825
1.45283  1.15325
1.45038  1.15916
1.46173  1.16134
1.43084  1.15635
1.48237  1.17361
1.46199  1.16448
1.45939  1.16601
1.45087  1.1627
1.44058  1.16328
1.46063  1.16161
1.43275  1.16331
1.4337  1.17433
1.43876  1.16852
1.4484  1.16347
1.48637  1.17918
1.47477  1.16323
1.443  1.17318
1.43164  1.17817
1.47154  1.18384
1.44629  1.1584
1.44537  1.16175
1.4571  1.16145
1.44173  1.16999
1.45717  1.15865
1.46981  1.16868
1.45506  1.15881
1.45941  1.17564
1.43572  1.16977
1.43321  1.18151
1.47226  1.16467
1.44214  1.16806
1.47876  1.16501
1.47965  1.15743
1.47969  1.17315
1.43737  1.16741
1.42886  1.17659
1.44639  1.17494
1.44337  1.17377
1.44517  1.1567
1.47981  1.16653
1.47731  1.1571
1.46591  1.159
1.44457  1.16985
1.43789  1.16274
1.44915  1.19009
1.47376  1.1614
1.47568  1.17168
1.47518  1.17478
1.44353  1.17316
1.46868  1.16691
1.44351  1.155
1.45275  1.16411
1.43318  1.17405
1.43814  1.17406
1.48959  1.16731
1.44875  1.16935
1.44958  1.16312
1.47423  1.16824
1.45055  1.16828
1.43429  1.18087
1.46783  1.16539
1.44227  1.17198
