On choisit de faire 30 répétitions du MPC avec 35 participants.
On utilise un (16,48)2-RMFE pour vérifier les AND.
On fait la technique de vérification Banquet couplée à du RMFE : les polynômes d'entrée seront de degré 23 au nombre de 15.
Taille de la signature : 78756 octets.
4.26609  3.64808
3.95575  3.57239
3.69258  3.51513
3.87451  3.56624
3.90685  3.556
3.89766  3.53696
3.9027  3.5316
3.90577  3.54783
3.80195  3.52629
3.85856  3.52631
3.89522  3.58896
3.87166  3.53725
3.86796  3.56646
3.8644  3.55202
3.8767  3.54674
3.80235  3.54078
3.93501  3.52389
3.78316  3.52483
3.8854  3.55417
3.85511  3.54029
3.81611  3.52268
3.88495  3.55683
3.82116  3.57402
3.77833  3.52919
3.88712  3.52177
3.87248  3.54225
3.85989  3.52934
3.67005  3.52573
3.88761  3.55077
3.78253  3.53072
3.89325  3.54192
3.90705  3.52373
3.78591  3.57818
3.88317  3.57754
3.81169  3.53562
3.89061  3.54365
3.88678  3.53031
3.90536  3.52446
3.76332  3.54471
3.91106  3.52293
3.78395  3.51852
3.86901  3.51679
3.86217  3.54001
3.88822  3.53532
3.82675  3.62783
3.87236  3.54817
3.75983  3.51968
3.8826  3.51643
3.86806  3.52715
3.80324  3.52143
3.78599  3.51817
3.88099  3.53376
3.88716  3.55102
3.87488  3.54478
3.90558  3.54484
3.9012  3.53051
3.86041  3.57175
3.90424  3.54336
3.8903  3.55321
3.80249  3.54579
3.78226  3.51321
3.81721  3.53569
3.86118  3.57496
3.81331  3.53512
3.86731  3.52735
3.78447  3.5444
3.86206  3.58776
3.89869  3.53127
3.80403  3.55902
3.80416  3.52014
3.869  3.53106
3.706  3.53801
3.86251  3.5403
3.86717  3.5676
3.8967  3.54004
3.86153  3.57705
3.88659  3.51212
3.86605  3.53685
3.80393  3.51225
3.87909  3.57065
3.78597  3.59271
3.79461  3.52061
3.89097  3.52825
3.85425  3.53805
3.87288  3.53572
3.88004  3.5954
3.853  3.53669
3.79603  3.54914
3.86871  3.52647
3.79003  3.55083
3.87204  3.55121
3.82149  3.50765
3.86109  3.53173
3.86348  3.55547
3.68248  3.53263
3.88139  3.57764
3.88783  3.54305
3.88756  3.51859
3.78544  3.56186
3.89157  3.5336
3.85437  3.56952
