On choisit de faire 33 répétitions du MPC avec 24 participants.
On utilise un (16,48)2-RMFE pour vérifier les AND.
On fait la technique de vérification Banquet couplée à du RMFE : les polynômes d'entrée seront de degré 23 au nombre de 15.
Taille de la signature : 86094 octets.
3.16745  3.65861
2.89792  3.60999
2.94459  3.56867
2.90721  3.57535
2.88746  3.57281
2.94497  3.62993
2.92481  3.58708
2.90429  3.58241
2.90116  3.57783
2.91855  3.56975
2.96304  3.57651
2.88884  3.57869
2.90573  3.59718
2.9188  3.58374
2.91745  3.5712
2.93042  3.57471
2.89687  3.57785
2.90926  3.58441
2.93074  3.58142
2.95807  3.55811
2.90087  3.57256
2.89344  3.56396
2.89595  3.58191
2.88666  3.57918
2.89761  3.5948
2.91952  3.57076
2.9104  3.5816
2.93074  3.56764
2.89361  3.5647
2.92194  3.58179
2.88853  3.59362
2.91072  3.58082
2.89404  3.57104
2.9538  3.56327
2.91632  3.5814
2.92433  3.56703
2.93297  3.56798
2.91604  3.58201
2.93005  3.57508
2.91353  3.5748
2.89367  3.55975
2.89296  3.58226
2.88766  3.58969
2.92059  3.5743
2.92047  3.59125
2.89344  3.56849
2.89713  3.58689
2.92218  3.55697
2.88831  3.56633
2.91247  3.57692
2.91774  3.58847
2.90609  3.56922
2.90164  3.58849
2.91797  3.58186
2.93244  3.56926
2.94316  3.58893
2.90704  3.56421
2.92163  3.56601
2.89959  3.55601
2.90097  3.57458
2.87655  3.57424
2.88749  3.57224
2.89489  3.58991
2.89948  3.5734
2.96065  3.56988
2.89708  3.56396
2.89792  3.58028
2.92074  3.58279
2.90252  3.5798
2.88655  3.62543
2.88799  3.64815
2.92751  3.58348
2.91651  3.58925
2.88816  3.57536
2.91612  3.59052
2.90825  3.57788
2.9164  3.57207
2.89762  3.58441
2.89659  3.56272
2.91522  3.57682
2.90439  3.58153
2.89669  3.59462
2.89791  3.57714
2.90666  3.58547
2.91396  3.57569
2.90083  3.59698
2.91551  3.58672
2.89837  3.57835
2.90104  3.57176
2.91607  3.57521
2.89791  3.57473
2.89966  3.58329
2.90736  3.5862
2.89131  3.59236
2.91202  3.59149
2.90134  3.56849
2.90706  3.57421
2.90367  3.59723
2.8911  3.57556
2.9382  3.58022
2.90924  3.59614
