On choisit de faire 24 répétitions du MPC avec 107 participants.
On utilise un (16,48)2-RMFE pour vérifier les AND.
On fait la technique de vérification Banquet couplée à du RMFE : les polynômes d'entrée seront de degré 23 au nombre de 15.
Taille de la signature : 63408 octets.
10.1223  10.3944
9.28391  9.75976
9.10758  9.73158
9.10167  10.106
9.18282  10.1079
9.23234  10.0765
9.10866  9.74743
9.13587  9.75455
9.18137  9.73544
9.17728  10.0947
9.14206  10.0888
9.15335  9.72503
9.12631  10.0974
9.12946  9.7152
9.08941  10.137
9.10621  10.1216
9.17321  10.1217
9.17103  9.75342
9.12757  10.0849
9.20507  9.75484
9.18854  9.75428
9.17666  9.74173
9.14172  10.1056
8.99223  9.64897
9.06782  9.62121
9.04428  9.65721
9.03916  9.96057
8.97926  9.9812
8.98167  9.99858
8.97734  9.60934
8.9998  10.0125
9.0448  9.64065
9.03293  10.0256
9.05908  9.61595
9.03882  9.96539
9.01379  9.97962
9.00719  9.98277
9.02883  9.98746
8.96536  9.63372
9.04552  9.64005
8.99569  9.98905
8.98553  9.65176
9.02285  9.64436
8.98922  9.98154
9.06258  9.62914
8.9678  9.62278
9.09086  9.62396
9.05106  9.99148
9.01307  9.61399
9.03563  9.98051
9.02006  9.96396
9.04915  9.65139
9.12064  9.67085
9.05343  9.64973
8.97493  9.96895
9.02593  9.62362
8.98961  9.62383
9.01574  9.64996
9.0557  10.0225
9.0048  9.63045
9.04248  9.61105
8.9881  9.71231
8.94209  9.6064
9.0527  9.62946
9.006  9.61257
9.06477  9.97879
9.01884  9.59738
9.00252  9.64136
8.98812  9.97134
9.00974  9.63041
9.00301  9.97217
9.01953  9.98285
8.97352  10.0169
9.06856  9.9665
8.99921  9.95738
8.96957  10.0313
8.95564  9.97472
8.97592  9.63946
9.01158  9.61617
8.99908  9.97089
8.97273  9.98896
9.00062  9.63937
9.02389  9.6298
9.03548  9.65043
9.02071  9.64823
8.98172  9.9789
9.00482  10.0103
9.05357  9.65474
8.98139  9.99062
9.09964  9.63778
9.03197  9.9999
9.00313  9.63679
9.02444  9.60331
8.97963  9.59362
9.02704  9.63399
8.96209  9.94722
9.04607  9.63452
9.04299  9.60252
9.01806  9.60501
9.02402  9.61318
8.99668  9.60294
