On choisit de faire 36 répétitions du MPC avec 18 participants.
On utilise un (16,48)2-RMFE pour vérifier les AND.
On fait la technique de vérification Banquet couplée à du RMFE : les polynômes d'entrée seront de degré 23 au nombre de 15.
Taille de la signature : 93912 octets.
2.66566  3.00511
2.38523  2.98847
2.39998  2.95889
2.3688  2.97492
2.36294  2.96204
2.36314  2.96179
2.3716  2.96273
2.40298  2.97315
2.36558  2.98127
2.36594  2.96579
2.39042  2.96717
2.41766  2.95481
2.35609  2.95114
2.38712  2.96726
2.37449  2.96077
2.37637  2.97175
2.36975  2.98663
2.37926  2.97644
2.38629  2.96176
2.35914  2.97104
2.39463  2.97983
2.36302  2.96769
2.36555  2.96162
2.39588  2.97342
2.3796  2.99359
2.36697  2.98424
2.39145  2.96009
2.39618  2.95997
2.36413  2.96959
2.40324  2.9915
2.40279  2.96073
2.371  2.96759
2.41328  2.98794
2.39196  2.99816
2.3935  2.95832
2.36516  2.95914
2.37329  2.97725
2.37722  2.95898
2.37589  2.96931
2.38114  2.96001
2.36993  2.99109
2.37316  2.96563
2.49697  2.95216
2.4003  2.9599
2.37864  2.96011
2.38459  2.98193
2.37015  2.96286
2.37656  2.96857
2.40589  2.95251
2.36971  2.97358
2.38923  2.96639
2.39436  2.96072
2.35653  2.95091
2.40371  2.96952
2.37218  2.96148
2.36742  2.95192
2.38917  2.96498
2.36223  2.95496
2.36754  2.96709
2.35901  2.96432
2.37945  2.97782
2.37912  2.96873
2.38608  2.97139
2.38393  2.9688
2.4863  2.96913
2.36405  2.96527
2.39432  2.96114
2.40186  2.96319
2.39468  2.95908
2.41099  2.94668
2.36329  2.95703
2.35448  2.96039
2.39271  2.96962
2.37832  2.95284
2.36357  2.96737
2.39323  2.9733
2.37991  2.96878
2.36315  2.97145
2.39829  2.96643
2.3876  2.95815
2.37036  2.97084
2.38649  2.9712
2.36339  2.95954
2.35761  2.96345
2.36401  2.99421
2.37621  2.96011
2.35211  2.98068
2.36931  2.96535
2.36866  2.96201
2.35743  2.98818
2.38718  2.97447
2.38687  2.96637
2.36259  2.97493
2.38396  2.95127
2.4046  2.97476
2.37954  2.97095
2.41248  2.98059
2.37724  2.95936
2.38602  2.96819
2.38741  2.96709
2.38847  2.9709
