On choisit de faire 27 répétitions du MPC avec 57 participants.
On utilise un (16,48)2-RMFE pour vérifier les AND.
On fait la technique de vérification Banquet couplée à du RMFE : les polynômes d'entrée seront de degré 23 au nombre de 15.
Taille de la signature : 70890 octets.
6.20925  6.01086
5.45919  5.18507
5.48209  5.16986
5.46388  5.15569
5.39662  5.15987
5.49358  5.17772
5.38402  5.1541
5.40056  5.17354
5.42961  5.16572
5.45999  5.17712
5.42014  5.17407
5.49048  5.17036
5.4895  5.17331
5.47574  5.19189
5.46437  5.16321
5.40032  5.15024
5.40092  5.1553
5.4539  5.20348
5.47255  5.16898
5.50527  5.17822
5.40562  5.15686
5.49449  5.15186
5.41033  5.1789
5.40646  5.21622
5.38852  5.15507
5.38731  5.15685
5.47028  5.17645
5.41109  5.16026
5.47079  5.16814
5.47963  5.1495
5.39143  5.15502
5.48519  5.15543
5.45144  5.17712
5.43132  5.16611
5.47699  5.15993
5.3924  5.1654
5.40843  5.1475
5.44827  5.16212
5.46616  5.16872
5.48028  5.1645
5.51257  5.19511
5.52544  5.15889
5.43224  5.1747
5.4642  5.16139
5.41971  5.1781
5.49287  5.17673
5.46729  5.15774
5.47422  5.15339
5.42342  5.16491
5.42636  5.17582
5.42537  5.21232
5.48397  5.16573
5.46134  5.1889
5.48977  5.15859
5.46002  5.16704
5.47852  5.17222
5.45584  5.1803
5.42361  5.15387
5.40768  5.15136
5.52952  5.18305
5.46096  5.16001
5.48459  5.17099
5.42359  5.1871
5.49974  5.16725
5.48467  5.16214
5.49835  5.19633
5.4729  5.17256
5.47443  5.16254
5.42012  5.15969
5.42946  5.1884
5.43703  5.16764
5.46294  5.16596
5.40485  5.1827
5.4761  5.16397
5.48474  5.16923
5.39529  5.15947
5.47442  5.17148
5.45834  5.16877
5.45718  5.16228
5.46703  5.18786
5.4077  5.17794
5.40675  5.1705
5.40738  5.16957
5.4643  5.1534
5.42009  5.16725
5.39873  5.15561
5.40233  5.15453
5.46176  5.16098
5.47601  5.17089
5.46953  5.17354
5.46177  5.17554
5.42054  5.15337
5.42506  5.18839
5.40061  5.16471
5.40077  5.20067
5.39477  5.16728
5.38665  5.16664
5.48404  5.15092
5.49201  5.16387
5.54356  5.17758
5.4334  5.18597
