On choisit de faire 27 répétitions du MPC avec 35 participants.
On utilise un (16,48)2-RMFE pour vérifier les AND.
Taille de la signature : 120786 octets.
2.60067  3.88335
2.59016  3.34372
2.62183  3.33892
2.63082  3.31004
2.646  3.31045
2.49167  3.31716
2.63651  3.3304
2.63392  3.32535
2.62101  3.31932
2.6285  3.32219
2.62541  3.30969
2.62287  3.32544
2.63231  3.31924
2.76105  3.33378
2.6317  3.33803
2.6268  3.33553
2.61275  3.33038
2.62867  3.31395
2.62977  3.02374
2.75034  3.31701
2.62789  3.3166
2.63786  3.72662
2.61109  3.33745
2.76409  3.31956
2.63177  3.33315
2.63767  3.31992
2.60912  3.35092
2.62499  3.35265
2.6245  3.33202
2.6547  3.31507
2.62987  3.30707
2.6538  3.33313
2.62438  3.3457
2.62074  3.3043
2.64963  3.30817
2.64594  3.31562
2.62951  3.33313
2.62328  3.34307
2.63234  3.34917
2.63442  3.32565
2.61882  3.31522
2.62047  3.31719
2.63594  3.32564
2.63578  3.31581
2.63071  3.31857
2.61842  3.30167
2.61944  3.32298
2.60644  3.30055
2.64257  3.31233
2.63028  3.29811
2.65106  3.32679
2.63038  3.34146
2.62285  3.31627
2.63398  3.32967
2.62266  3.30869
2.62506  3.66065
2.63503  3.69537
2.62317  3.33518
2.65098  3.32118
2.64963  3.33368
2.75819  3.33692
2.62549  3.31216
2.61737  3.30895
2.76787  3.31415
2.68407  3.68762
2.64494  3.3116
2.67606  3.4473
2.5881  3.2865
2.72646  3.31926
2.72394  3.27722
2.60744  3.27947
2.60291  3.285
2.73311  3.43233
2.83229  3.28406
2.5703  3.28651
2.60536  3.28854
2.57753  3.28092
2.59374  3.28177
2.59441  3.27653
2.59278  3.26719
2.59732  3.30191
2.59281  2.95276
2.60542  3.2732
2.59689  3.28953
2.60243  3.28959
2.60265  3.28415
2.47582  3.24331
2.59489  3.27613
2.58442  3.32041
2.59606  3.37977
2.59372  3.67872
2.59391  3.28146
2.49609  3.27458
2.60921  3.26041
2.5891  3.28819
2.59089  3.2843
2.59605  3.28217
2.59471  3.27547
2.59781  2.97622
2.59608  3.29217
2.60926  3.28428
