On choisit de faire 33 répétitions du MPC avec 18 participants.
On utilise un (16,48)2-RMFE pour vérifier les AND.
Taille de la signature : 147078 octets.
1.73601  2.21841
1.73963  2.7307
1.77013  2.73016
2.16231  2.41807
2.39712  2.7687
1.93434  2.74578
1.95051  2.75993
1.7907  2.77209
1.96318  2.33206
1.9639  2.74053
1.64082  2.76096
1.77444  2.77528
1.91621  2.76268
1.79133  2.74854
1.96317  2.77351
1.77596  2.77831
1.78609  2.2339
1.62658  2.75699
1.95856  2.76762
1.94273  2.76325
1.9673  2.32965
1.81156  2.2499
1.81196  2.21545
1.9549  2.28344
1.98177  2.29575
1.96053  2.35585
1.96788  2.78957
1.64439  2.78812
1.96524  2.76554
1.79038  2.78861
1.62482  2.76577
1.80089  2.75439
1.81938  2.22374
1.9761  2.75768
1.94811  2.24932
1.81226  2.72736
1.91751  2.25441
1.78799  1.73976
1.93652  2.26664
1.77329  2.74755
1.93538  2.28231
1.92805  2.73086
1.76665  2.74687
1.91597  2.26868
1.77238  2.19745
1.76648  2.72747
1.77273  2.21479
1.93069  2.73279
1.61009  2.74209
1.94585  2.28828
1.93198  2.73577
1.93346  2.26157
1.92946  2.29737
1.9365  2.24619
1.79075  1.73963
1.6116  2.73669
1.78595  2.18495
1.93497  2.73906
1.74313  2.73934
1.78352  2.23649
1.92486  2.73475
1.60767  2.73278
1.94673  2.72795
1.94679  2.7717
1.96579  2.27007
1.92877  2.73638
1.76769  2.73032
1.93046  2.73768
1.93318  2.25947
1.9082  2.73925
1.93118  2.68997
1.93318  2.26736
1.78534  1.7371
1.939  2.72955
1.91489  2.73352
1.92679  2.72845
1.77909  2.22752
1.92619  2.28109
1.93514  2.26477
1.93118  2.73499
1.93235  2.7341
1.93843  2.24925
1.92465  2.26619
1.77494  2.7287
1.76485  2.74386
1.95322  2.24142
1.93624  2.28246
1.9168  2.73107
1.8119  2.25973
1.93563  2.25868
1.93759  2.7349
1.94703  2.25082
1.94141  2.28346
1.75746  2.73984
1.92495  2.73371
1.91644  2.72432
1.77262  2.76134
1.78293  2.20076
1.60569  2.73139
1.76563  2.73611
1.738  2.75002
