On choisit de faire 21 répétitions du MPC avec 107 participants.
On utilise un (16,48)2-RMFE pour vérifier les AND.
Taille de la signature : 94302 octets.
5.61565  6.70386
5.23829  6.16298
5.84465  6.29521
5.30705  6.19421
5.40562  5.92453
5.98476  6.61243
6.79467  8.46538
5.83703  6.42405
5.56057  6.37147
5.42969  6.15568
5.32092  6.36334
5.38131  6.33041
5.4046  6.15009
5.37021  6.37838
5.43003  6.40554
5.42179  6.15675
5.42775  6.36731
5.32775  6.12925
5.4225  6.33665
5.42601  6.16583
5.35259  6.39529
5.34257  6.35253
5.4032  6.37406
5.3743  6.32454
5.42452  6.15142
5.40926  6.37751
5.43457  6.19567
5.40984  6.09202
5.3462  6.14469
5.40458  6.33333
5.35704  6.32682
5.43241  6.31917
5.35176  6.36533
5.36051  6.36916
5.48837  6.38252
5.32538  6.32346
5.36907  6.38828
5.45902  6.41444
5.35691  6.22414
5.34882  5.96338
5.30953  5.93872
5.28507  5.80914
5.21205  6.12548
5.33972  6.10455
5.23044  6.14205
5.29562  6.19433
5.35974  5.93871
5.20524  6.10685
5.2875  6.15019
5.27877  6.10958
5.25171  6.19289
5.30473  5.87097
5.29281  6.1373
5.27985  5.93986
5.21213  6.19291
5.23246  5.83927
5.23959  5.85649
5.19136  6.12174
5.35066  5.87331
5.21686  6.12297
5.23886  6.14794
5.29726  5.8844
5.2522  6.11307
5.2603  6.14581
5.33748  6.15353
5.30327  5.93715
5.32827  5.91031
5.36608  6.1016
5.30779  5.91198
5.25699  6.17543
5.29417  5.89191
5.26763  6.19806
5.34479  5.8387
5.35979  5.90381
5.24258  5.93496
5.26843  5.93907
5.30489  6.16766
5.3058  5.88787
5.27407  5.86666
5.21772  5.8915
5.27616  5.90812
5.34287  6.17
5.245  6.16187
5.26377  6.15043
5.27319  6.18908
5.31548  6.15131
5.20593  6.1209
5.24795  5.83597
5.34859  5.82623
5.30687  5.92074
5.2148  6.15099
5.23872  6.10412
5.34528  5.94258
5.23603  6.16165
5.17644  6.1327
5.31293  5.88726
5.34785  6.1815
5.23029  6.12936
5.2477  6.19155
5.22609  6.11265
5.30877  5.94982
