On choisit de faire 48 répétitions du MPC avec 7 participants.
On utilise un (16,48)2-RMFE pour vérifier les AND.
Taille de la signature : 212352 octets.
1.49766  2.53965
1.95832  1.97575
1.24451  2.00492
1.24061  1.98892
1.24475  1.97262
1.22283  1.98583
1.2457  1.96302
1.22299  1.97557
1.21994  1.97769
1.23463  1.98271
1.2304  1.97796
1.24541  1.9837
1.23083  1.97548
1.22192  1.96103
1.2479  1.98386
1.24188  1.97236
1.23098  1.96643
1.22751  1.97959
1.20849  1.96459
1.24208  1.96938
1.22985  1.97865
1.22422  1.95486
1.24402  1.98465
1.24958  1.95857
1.24828  1.98352
1.21848  1.9787
1.22725  1.95528
1.2373  1.97049
1.20387  1.94972
1.23028  1.96248
1.21969  1.95812
1.23877  1.96306
1.2162  1.96385
1.22478  1.95391
1.22003  1.98405
1.22476  1.96611
1.23516  1.955
1.22644  1.97136
1.22487  1.95317
1.2218  1.99383
1.23463  1.99762
1.22998  1.95433
1.20409  1.93712
1.21289  1.95615
1.22029  1.95208
1.21318  1.94207
1.29568  1.93179
1.20324  1.95608
1.2304  1.95866
1.21641  1.94937
1.2157  1.95457
1.18623  1.95129
1.21598  1.94606
1.19592  1.96126
1.20705  1.94133
1.21004  1.95617
1.20474  1.9606
1.27862  1.95087
1.21469  1.95216
1.21122  1.95177
1.26856  1.95862
1.20848  1.95086
1.20134  1.94519
1.20102  1.94199
1.20228  1.95529
1.22344  1.94824
1.20663  1.95365
1.20034  1.95167
1.19448  1.94975
1.22174  1.94888
1.20898  1.96345
1.20894  1.93276
1.21083  2.01499
1.20437  1.92762
1.22193  1.92756
1.19075  1.95798
1.19813  1.95199
1.19697  1.98643
1.2054  1.95465
1.20897  1.95169
1.21308  1.96855
1.22147  1.94608
1.21184  1.94377
1.20919  1.93204
1.21336  1.94622
1.17139  1.95177
1.21226  1.93584
1.20682  1.94852
1.20385  1.9367
1.23504  1.95181
1.21695  1.94973
1.20938  1.95681
1.20319  1.94471
1.17094  1.95922
1.22087  1.94675
1.19802  1.99716
1.21568  1.93682
1.19789  1.9153
1.20853  1.95418
1.21705  1.93651
1.22835  1.95336
