On choisit de faire 24 répétitions du MPC avec 57 participants.
On utilise un (16,48)2-RMFE pour vérifier les AND.
Taille de la signature : 107376 octets.
4.06812  5.12531
3.7995  4.32603
3.52117  4.17775
3.50452  4.15473
3.51144  4.19807
3.49862  4.49092
3.51923  4.48026
3.52897  4.15289
3.6202  4.14757
3.62182  4.48688
3.53004  4.18443
3.55744  4.15802
3.49668  4.49829
3.52235  4.1354
3.54037  4.20475
3.99111  4.76396
3.56762  4.39524
3.56917  4.28293
3.56664  4.19961
3.62686  4.15162
3.50764  4.17821
3.62725  4.16034
3.50405  4.51685
3.54302  4.14363
3.51654  4.17982
3.52611  4.15805
3.63705  4.15356
3.52844  4.52623
3.51682  4.21266
3.51264  4.17805
3.5001  4.16265
3.48032  4.42569
3.45117  4.07983
3.46404  4.44536
3.47219  4.10099
3.4693  4.13353
3.48515  4.45359
3.58966  4.42721
3.6  4.42325
3.46973  4.41442
3.46932  4.43435
3.59199  4.43452
3.57709  4.08241
3.60681  4.09466
3.47134  4.08573
3.48423  4.12344
3.58948  4.11206
3.45545  4.07397
3.59046  4.41912
3.46693  4.09923
3.49866  4.20007
3.62051  4.19083
3.54696  4.48743
3.52134  4.18892
3.51254  4.17283
3.46245  4.40907
3.45863  4.08889
3.46103  4.10829
3.59066  4.41137
3.46456  4.41759
3.5288  4.16543
3.46249  4.11547
3.46927  4.07006
3.47857  4.07246
3.46049  4.08392
3.48147  4.08848
3.52523  4.17369
3.59308  4.52362
3.51524  4.19718
3.62665  4.16022
3.51373  4.16877
3.51865  4.16618
3.53574  4.19871
3.55421  4.48562
3.52741  4.18402
3.51438  4.51362
3.50513  4.1917
3.51373  4.16368
3.62464  4.18144
3.51123  4.18937
3.5041  4.17593
3.62879  4.18949
3.50456  4.14806
3.60824  4.18535
3.5143  4.17561
3.52439  4.49106
3.63795  4.15834
3.62167  4.16788
3.63281  4.15561
3.52115  4.17516
3.54007  4.17173
3.5362  4.18464
3.64915  4.18502
3.5259  4.18748
3.51698  4.17476
3.55314  4.20055
3.55277  4.18861
3.4816  4.19161
3.6252  4.47389
3.57869  4.41509
3.49779  4.09225
