On choisit de faire 30 répétitions du MPC avec 24 participants.
On utilise un (16,48)2-RMFE pour vérifier les AND.
Taille de la signature : 133716 octets.
2.1389  2.34526
2.15811  2.34795
2.14728  2.70008
2.1163  2.78819
2.12374  2.77312
2.10274  2.79044
1.96204  2.86931
2.12514  2.68184
2.14074  2.69262
2.14717  2.70795
2.09958  2.80899
2.14449  2.67629
2.12527  2.79629
2.16658  2.33329
2.15209  2.67945
2.12147  2.72379
2.12362  2.78564
1.99711  2.8131
2.13817  2.69858
2.13466  2.70076
2.12917  2.71454
2.00074  2.88797
2.12041  2.79513
2.14793  2.30646
2.11485  2.77271
2.14449  2.67233
2.12842  2.75528
2.1371  2.72845
2.15807  2.69548
2.15198  2.71565
2.13176  2.80121
2.14033  2.69732
2.11753  2.79701
2.11625  2.7781
2.16142  2.70829
2.14765  2.68726
2.13426  2.69975
2.13982  2.77924
2.12934  2.76914
2.14484  2.70039
2.12313  2.71857
2.13791  2.73053
2.13473  2.74877
2.13402  2.68967
2.15655  2.80577
2.13742  2.7703
2.12529  2.76858
2.14082  2.70872
2.13866  2.6968
2.1354  2.68711
1.98661  3.19189
1.98455  2.83109
1.96457  3.17014
2.13123  2.79023
2.28249  2.75021
2.12492  2.80539
2.14947  2.67469
2.11677  2.76462
2.12908  2.79441
2.2919  2.76783
2.11438  2.76232
2.12655  2.77011
2.13453  2.68504
2.12731  2.78528
2.12465  2.75671
2.13751  2.67316
2.18996  2.69781
2.11683  2.75836
2.12035  2.68475
2.14259  2.69538
2.12738  2.69512
2.12042  2.78757
2.12255  2.85084
2.15954  2.30614
2.14201  2.71677
2.15407  2.6742
2.09524  2.79675
2.11055  2.82265
2.13928  2.66688
2.11662  2.76616
2.13662  2.78249
2.15253  2.68895
2.10834  2.73265
2.14045  2.65138
2.13513  2.69008
2.21204  2.73257
2.13541  2.77786
2.12269  2.80523
2.1295  2.69393
2.11428  2.75222
1.97998  3.18176
2.12691  2.68583
2.14136  2.68726
2.12563  2.70611
2.12467  2.76074
2.15634  2.32792
2.12066  2.7766
2.13902  2.66631
2.12412  2.76863
2.12924  2.80467
2.29566  2.75565
