On choisit de faire 18 répétitions du MPC avec 256 participants.
On utilise un (16,48)2-RMFE pour vérifier les AND.
Taille de la signature : 81132 octets.
10.0369  11.2678
10.8465  11.6972
10.3653  11.6786
10.3573  11.617
10.3658  11.9072
12.3602  13.7429
11.23  13.9586
10.3653  11.6774
10.3754  11.6214
10.2889  11.689
10.3982  11.6663
10.366  11.6701
10.3606  11.6717
10.3477  11.6811
10.397  11.4233
10.4073  11.4169
10.3645  11.6496
10.3652  11.4717
10.4133  11.6305
10.375  11.6661
10.3636  11.7182
10.4233  11.4898
10.3805  11.68
10.3646  11.6608
10.3447  11.8503
10.3581  11.7059
10.3917  11.7138
10.3948  11.688
10.3672  11.7019
10.3794  11.6347
10.3794  11.6572
10.3599  11.675
9.92641  11.2599
10.1191  11.2815
10.0523  11.0184
9.78817  11.282
9.98822  11.2165
9.98274  11.2859
10.008  11.2776
9.98766  10.975
10.0051  11.2997
9.97951  11.1528
10.0028  11.2748
9.87264  11.2201
9.90646  11.2475
10.0021  11.3324
10.1643  11.7408
10.3835  11.8467
10.4367  11.6423
10.3857  11.4248
10.2587  11.6817
10.3549  11.6574
10.3011  11.6809
10.3859  11.4802
10.2624  11.7217
10.3562  11.7049
10.2688  11.6793
10.3679  11.6391
10.3833  11.6582
10.3616  11.6257
10.3644  11.6498
10.3979  11.6332
10.2766  11.697
10.3725  11.6215
10.3773  11.4674
10.3652  11.6243
10.4017  11.6761
10.3971  11.6691
10.3822  11.5917
9.97888  11.3811
9.92104  11.2589
10.0675  11.6778
10.3681  11.4549
10.3753  11.6846
10.3749  11.7619
10.3605  11.6963
10.335  11.6388
10.274  11.6547
10.44  11.4355
10.1042  11.2532
10.3062  12.6376
10.374  11.69
10.3861  11.6956
10.3071  11.674
10.3537  11.6634
10.2538  11.6525
10.3513  11.6798
10.3623  11.4442
10.3272  11.6386
10.3362  11.6855
10.2813  11.6062
10.2847  11.6525
10.2835  11.6017
10.3199  11.6831
10.3667  11.6751
10.3705  11.4074
10.3691  11.69
10.0126  11.2256
11.2014  11.9877
12.0832  12.6885
10.6649  12.8858
