On choisit de faire 36 répétitions du MPC avec 14 participants.
On utilise un (16,48)2-RMFE pour vérifier les AND.
Taille de la signature : 159864 octets.
2.01833  2.57983
2.24098  2.55427
1.29897  2.53276
1.7207  1.40387
1.70581  2.52624
1.69098  2.51546
1.75065  2.85355
1.36411  2.52803
1.83443  2.56313
1.71773  2.51727
1.52136  2.52092
1.7137  2.56014
1.7098  2.53996
1.70904  2.52248
1.70786  2.49895
1.71105  2.51194
1.71295  2.52183
1.70676  2.51497
1.71972  2.53629
1.70593  2.52426
1.71835  2.08325
1.69427  2.54403
1.7132  2.56997
1.71882  2.48159
1.72187  2.57096
1.7148  2.54216
1.70466  2.55373
1.70921  2.53799
1.70486  2.60188
1.7215  2.48146
1.70812  2.48476
1.68844  2.52474
1.64878  2.50685
1.52858  2.52376
1.71182  2.51458
1.68121  1.3687
1.31379  2.51668
1.69324  2.48488
1.68632  2.50817
1.68197  2.49939
1.66389  2.51766
1.54079  2.52283
1.68351  2.51378
1.31879  2.91707
1.72545  2.52332
1.33342  2.54271
1.72218  1.38962
1.70563  2.51675
1.30588  2.54894
1.73404  2.53292
1.67207  2.54434
2.00337  2.65496
1.68422  2.51749
1.65697  2.50042
1.67755  2.50557
1.64539  2.51457
1.63888  2.49904
1.67852  2.5078
1.64037  2.51849
1.30215  2.50936
1.67606  2.48943
1.68095  2.45949
1.72753  2.00932
1.64829  2.44175
1.68402  2.47086
1.68575  2.48272
1.67688  2.50235
1.66347  2.50208
1.31452  2.49307
1.63867  2.50738
1.67045  2.02945
1.67869  2.49997
1.69694  2.46858
1.68617  2.51463
1.6807  2.50855
1.66577  2.49967
1.66599  2.51648
1.67651  2.495
1.65991  2.50272
1.68644  1.36415
1.68709  2.49388
1.68309  2.51153
1.68491  2.50634
1.6751  2.49861
1.68502  2.50045
1.68888  2.51501
1.69912  2.48659
1.68634  2.48979
1.67347  1.99077
1.76803  2.51529
1.67136  2.48611
1.68904  2.44788
1.68181  2.44256
1.67868  2.47117
1.48523  2.52249
1.67913  2.49619
1.68155  2.50893
1.66181  2.49667
1.69635  2.44931
1.64803  2.50567
1.68397  2.43142
