On choisit de faire 33 répétitions du MPC avec 18 participants.
Taille de la signature : 52104 octets.
0.612993  0.753601
0.630702  0.735916
0.654215  0.779493
0.654089  0.723269
0.628543  0.730285
0.662764  0.726732
0.661556  0.736036
0.642403  0.757637
0.666175  0.730506
0.629731  0.751504
0.687105  0.72727
0.650887  0.727432
0.666661  0.734759
0.67557  0.748285
0.670737  0.722638
0.642584  0.735301
0.656623  0.729631
0.685475  0.742198
0.642385  0.726044
0.645051  0.74143
0.659365  0.760973
0.647043  0.733302
0.646844  0.728623
0.639957  0.730721
0.688305  0.745605
0.663292  0.718513
0.650987  0.717264
0.65987  0.750812
0.671316  0.732791
0.646721  0.727649
0.634168  0.715062
0.704298  0.760329
0.635352  0.719426
0.649413  0.719967
0.648363  0.724243
0.699091  0.716688
0.64397  0.725828
0.670272  0.717745
0.6352  0.763605
0.655995  0.725764
0.635473  0.738947
0.639618  0.718206
0.666501  0.730103
0.6664  0.716481
0.636014  0.71223
0.638703  0.744198
0.652139  0.723225
0.670605  0.730846
0.630384  0.721022
0.699778  0.785309
0.627806  0.714665
0.64047  0.71759
0.648996  0.724776
0.675744  0.73134
0.664824  0.718292
0.657391  0.725734
0.663696  0.743316
0.662456  0.730868
0.645485  0.715388
0.624377  0.720214
0.640077  0.823837
0.631438  0.720145
0.647488  0.736603
0.641626  0.736416
0.674155  0.721617
0.648951  0.714628
0.632579  0.722388
0.652181  0.761834
0.650422  0.715749
0.63896  0.730706
0.6399  0.710261
0.664464  0.745424
0.636261  0.814363
0.734605  0.774265
0.64443  0.737154
0.729307  0.722198
0.638015  0.727344
0.641684  0.721769
0.640565  0.764734
0.642549  0.720536
0.65949  0.725878
0.629979  0.724724
0.673786  0.723105
0.681218  0.730685
0.62864  0.725543
0.637459  0.763247
0.650383  0.722171
0.642013  0.738734
0.673744  0.729361
0.688844  0.765726
0.630708  0.728415
0.648184  0.755133
0.672769  0.744554
0.687343  0.725258
0.641021  0.735917
0.684197  0.72494
0.657575  0.783606
0.642004  0.728449
0.626551  0.71792
0.62943  0.717361
0.688392  0.734001
