On choisit de faire 27 répétitions du MPC avec 35 participants.
Taille de la signature : 43080 octets.
0.836077  1.14596
0.828494  1.07807
0.83484  1.10063
0.843571  1.05741
0.825485  1.06078
0.899737  1.068
0.826327  1.06285
0.822438  1.08165
0.834214  1.0678
0.838147  1.07086
0.906387  1.08167
0.851439  1.0365
0.82366  1.07452
0.857386  1.05281
0.83064  1.04852
0.838458  1.10394
0.816619  1.07183
0.822922  1.04556
0.897551  1.10252
0.821995  1.04968
0.850386  1.07958
0.834979  1.06912
0.823621  1.05437
0.828515  1.10475
0.876509  1.05251
0.841796  1.04688
0.884205  1.05626
0.819833  1.07678
0.817827  1.09402
0.830442  1.04555
0.846518  1.05497
0.838133  1.08653
0.82976  1.07662
0.818097  1.04823
0.898593  1.04834
0.82662  1.07167
0.833833  1.07996
0.829813  1.05962
0.838168  1.04556
0.852888  1.05921
0.844451  1.05066
0.828618  1.08517
0.875474  1.06266
0.835821  1.05268
0.825382  1.08012
0.852744  1.03881
0.829545  1.05921
0.873077  1.04742
0.83815  1.05877
0.829672  1.07019
0.829214  1.03535
0.810843  1.06466
0.824413  1.09193
0.816754  1.04644
0.869167  1.04076
0.86527  1.10513
0.813787  1.03384
0.815713  1.08093
0.832233  1.04661
0.823537  1.06333
0.833702  1.10639
0.830877  1.05197
0.829731  1.0439
0.867793  1.05376
0.817173  1.06511
0.824624  1.06986
0.87648  1.0637
0.831367  1.05349
0.842116  1.0783
0.819546  1.04126
0.836655  1.05066
0.882982  1.04653
0.819532  1.06362
0.832557  1.10517
0.844617  1.05733
0.817745  1.0319
0.849921  1.11471
0.811765  1.0391
0.825175  1.05147
0.872748  1.06119
0.815908  1.0554
0.84271  1.11681
0.82593  1.08168
0.827678  1.06875
0.858724  1.06058
0.834152  1.04237
0.837923  1.06525
0.893496  1.06765
0.830755  1.04274
0.833165  1.088
0.824558  1.03871
0.819416  1.04192
0.872488  1.0545
0.823844  1.04947
0.849563  1.06716
0.847384  1.03261
0.815388  1.03492
0.858317  1.11329
0.832828  1.03753
0.855566  1.04884
0.867685  1.06021
