On choisit de faire 30 répétitions du MPC avec 24 participants.
Taille de la signature : 47376 octets.
0.704556  0.841351
0.727127  0.842626
0.790002  0.879417
0.731814  0.846466
0.739834  0.849838
0.725776  0.879579
0.719607  0.857691
0.769888  0.844808
0.760247  0.876169
0.749046  0.842854
0.730019  0.843115
0.763973  0.847412
0.774503  0.847026
0.741498  0.878784
0.729497  0.833519
0.778885  0.838885
0.743527  0.834181
0.74824  0.837502
0.807563  0.846657
0.74392  0.868218
0.739482  0.849755
0.768609  0.884862
0.73922  0.841601
0.724277  0.842339
0.734179  0.891933
0.7594  0.849363
0.741287  0.841039
0.724665  0.862219
0.73829  0.845974
0.733966  0.840669
0.721402  0.869786
0.783322  0.900625
0.802685  0.830918
0.724268  0.839689
0.743647  0.840625
0.727295  0.828694
0.716575  0.829597
0.756832  0.865904
0.739844  0.830082
0.713291  0.830084
0.765411  0.838903
0.727292  0.831175
0.725528  0.829391
0.727615  0.90951
0.727092  0.840356
0.728116  0.83121
0.738382  0.8668
0.728249  0.816566
0.722263  0.841365
0.727757  0.85735
0.743099  0.82626
0.724489  0.822712
0.726746  0.820786
0.778977  0.840784
0.723397  0.844123
0.764096  0.822116
0.759317  0.841278
0.722116  0.831451
0.782944  0.883699
0.802389  0.965168
0.739228  0.830342
0.720268  0.831846
0.732187  0.881932
0.724079  0.827424
0.718804  0.875423
0.713228  0.859966
0.722407  0.835675
0.75877  0.863156
0.742134  0.874823
0.736583  0.837349
0.725063  0.834444
0.730664  0.827471
0.769267  0.84094
0.72138  0.828481
0.770066  0.830006
0.749242  0.837667
0.74652  0.879478
0.736412  0.825851
0.750949  0.852215
0.731346  0.825296
0.720942  0.826842
0.751793  0.93509
0.779156  0.896765
0.76183  0.904485
0.739406  0.8986
0.73634  0.822763
0.72267  0.830978
0.73557  0.854608
0.739964  0.842734
0.737228  0.829494
0.721676  0.851225
0.74694  0.825882
0.717349  0.822763
0.714982  0.867237
0.768066  0.83276
0.728095  0.834021
0.727516  0.828671
0.758377  0.8658
0.725567  0.858341
0.733766  0.822152
0.726811  0.897021
