On choisit de faire 24 répétitions du MPC avec 57 participants.
Taille de la signature : 38304 octets.
1.27996  1.52461
1.27569  1.47477
1.30466  1.41684
1.29265  1.44791
1.31976  1.40373
1.3098  1.43589
1.27929  1.41511
1.32684  1.42859
1.28324  1.45291
1.32176  1.43747
1.26647  1.46139
1.3026  1.42373
1.29904  1.46642
1.27675  1.41219
1.25835  1.44993
1.28832  1.40471
1.32659  1.45524
1.28528  1.41004
1.33884  1.40453
1.14813  1.40069
1.35018  1.42331
1.27294  1.44034
1.30838  1.40949
1.25963  1.50896
1.29391  1.42686
1.28379  1.49977
1.32172  1.44312
1.30412  1.45254
1.27042  1.43534
1.30925  1.44887
1.26261  1.403
1.17779  1.39265
1.30216  1.39709
1.29672  1.39929
1.26365  1.39537
1.2978  1.40595
1.29703  1.52552
1.28932  1.41385
1.31213  1.52575
1.29638  1.42667
1.32318  1.49323
1.29389  1.39059
1.36802  1.4443
1.28904  1.41627
1.31849  1.44533
1.29989  1.45714
1.30813  1.44043
1.28409  1.53335
1.29966  1.44153
1.28877  1.50548
1.29899  1.43733
1.30473  1.453
1.28384  1.44182
1.32228  1.42563
1.32177  1.39602
1.31612  1.41561
1.26297  1.44154
1.27074  1.40955
1.26046  1.44518
1.13686  1.3883
1.26035  1.46099
1.26953  1.07006
1.31145  1.45246
1.26284  1.40661
1.25902  1.43826
1.26197  1.41036
1.31005  1.40131
1.26151  1.39172
1.40633  1.4214
1.27505  1.3983
1.48922  1.42622
1.28046  1.46267
1.31474  1.42238
1.28924  1.47448
1.14357  1.4097
1.27883  1.43577
1.2477  1.39773
1.25782  1.43643
1.25927  1.39972
1.33951  1.4168
1.25247  1.40609
1.3041  1.41433
1.25021  1.42616
1.28788  1.38964
1.29103  1.42291
1.28229  1.40454
1.25459  1.48961
1.26746  1.40386
1.26628  1.49732
1.27366  1.40292
1.26594  1.46547
1.27262  1.41659
1.29449  1.44933
1.24677  1.42221
1.33662  1.43122
1.24871  1.42016
1.30057  1.39354
1.26218  1.43712
1.31772  1.44977
1.26575  1.41831
1.25858  1.41416
