On choisit de faire 48 répétitions du MPC avec 7 participants.
Taille de la signature : 74208 octets.
0.35118  0.522106
0.353144  0.525764
0.379642  0.518893
0.388316  0.526344
0.43654  0.530089
0.397105  0.524711
0.41846  0.52247
0.351749  0.533523
0.401645  0.547864
0.364845  0.512526
0.381506  0.527326
0.383412  0.524127
0.392995  0.518235
0.379696  0.53584
0.373524  0.518204
0.375321  0.519388
0.377067  0.522332
0.398571  0.539037
0.376366  0.545992
0.392682  0.524709
0.375445  0.521684
0.379975  0.510055
0.393859  0.543559
0.372991  0.5051
0.374689  0.517775
0.372066  0.505708
0.373234  0.540833
0.336612  0.521938
0.371049  0.509034
0.358318  0.506331
0.395547  0.514351
0.364939  0.505655
0.35192  0.515808
0.377153  0.517102
0.392155  0.520879
0.370668  0.537374
0.362489  0.510217
0.375593  0.521898
0.373768  0.507139
0.376469  0.547343
0.368933  0.50699
0.35702  0.502026
0.390407  0.505617
0.363875  0.51302
0.393401  0.513705
0.365942  0.505245
0.39811  0.505017
0.394391  0.507305
0.370843  0.542517
0.37108  0.514722
0.369143  0.502278
0.361171  0.503738
0.385296  0.529315
0.392244  0.504546
0.39325  0.509059
0.385951  0.510346
0.357795  0.507775
0.372829  0.509542
0.410368  0.507045
0.375856  0.521585
0.392053  0.508258
0.369462  0.535263
0.374762  0.503631
0.383225  0.504939
0.370629  0.508993
0.38748  0.532952
0.363087  0.50526
0.364583  0.507633
0.370537  0.49538
0.360403  0.508381
0.377184  0.503829
0.368989  0.504499
0.370227  0.523021
0.380761  0.509644
0.369102  0.525395
0.371206  0.519297
0.364058  0.509921
0.372587  0.507079
0.371391  0.532235
0.351457  0.503401
0.37004  0.52169
0.37423  0.522199
0.397947  0.512592
0.370457  0.523185
0.372643  0.505461
0.43684  0.515282
0.379928  0.51129
0.371871  0.524003
0.368803  0.505264
0.397837  0.542136
0.373724  0.505973
0.38193  0.536308
0.362927  0.505598
0.375686  0.504495
0.379048  0.507705
0.396242  0.546975
0.385904  0.515244
0.364741  0.508587
0.370613  0.509475
0.406079  0.524747
0.37473  0.533993
