On choisit de faire 36 répétitions du MPC avec 14 participants.
Taille de la signature : 56256 octets.
0.63491  0.661583
0.608707  0.637836
0.626659  0.647723
0.678107  0.643196
0.728295  1.11923
0.97178  0.669229
0.74226  0.666472
0.666694  0.656983
0.659563  0.656056
0.652504  0.675049
0.673059  0.677217
0.651788  0.646
0.641789  0.64408
0.642577  0.672678
0.658148  0.671095
0.66872  0.686859
0.63927  0.65208
0.655332  0.701062
0.650612  0.680776
0.644636  0.648643
0.638829  0.647662
0.672454  0.670038
0.647227  0.664932
0.649975  0.64713
0.647018  0.665425
0.699982  0.654864
0.658584  0.645112
0.6391  0.684826
0.677306  0.652822
0.66823  0.63776
0.635337  0.652437
0.646685  0.657157
0.634419  0.677881
0.686952  0.684719
0.631168  0.642243
0.634723  0.639717
0.630032  0.667202
0.632692  0.645031
0.631353  0.635639
0.627441  0.639502
0.629764  0.661506
0.673786  0.659486
0.644216  0.63462
0.635472  0.634032
0.640308  0.676874
0.669447  0.638441
0.634845  0.636291
0.666625  0.65227
0.643145  0.658634
0.634841  0.644501
0.621957  0.643288
0.629622  0.642647
0.659032  0.662166
0.638516  0.653557
0.645026  0.632785
0.631912  0.62999
0.660966  0.677953
0.642184  0.638265
0.636204  0.636194
0.63268  0.63853
0.690439  0.654114
0.640623  0.651258
0.640315  0.64495
0.627749  0.652956
0.680879  0.639623
0.647245  0.630352
0.637058  0.641275
0.630489  0.664135
0.660113  0.662942
0.678694  0.646364
0.625725  0.693634
0.666036  0.665194
0.656729  0.63697
0.637494  0.639928
0.644832  0.64144
0.649973  0.692374
0.644405  0.643515
0.640722  0.645102
0.631231  0.638081
0.651747  0.669265
0.633132  0.678535
0.65048  0.651206
0.633239  0.641255
0.668946  0.673231
0.6454  0.650936
0.636158  0.68999
0.6283  0.638152
0.679214  0.675036
0.647895  0.644252
0.653003  0.648466
0.640857  0.651049
0.663259  0.637957
0.643161  0.640643
0.671913  0.659669
0.625895  0.658086
0.65683  0.642905
0.645245  0.644844
0.648432  0.6393
0.622815  0.676711
0.641238  0.652611
0.649107  0.637064
