On choisit de faire 18 répétitions du MPC avec 256 participants.
Taille de la signature : 29328 octets.
4.17463  4.19149
4.80488  4.19392
4.52554  4.25309
4.56899  4.2058
4.59744  4.21047
4.60127  4.23037
4.53267  4.24012
4.60421  4.24226
4.59  4.2129
4.59059  4.25933
4.55289  4.22105
4.57849  4.24218
4.70107  4.24747
4.57471  4.2403
4.55604  4.17046
4.57309  4.22202
4.59046  4.27162
4.57719  4.2099
4.51828  4.22
4.60264  4.27642
4.57042  4.20599
4.63946  4.19194
4.70254  4.19949
4.54641  4.19307
4.62772  4.22906
4.57443  4.19904
4.64079  4.21043
4.69061  4.166
4.71421  4.16032
4.64257  4.15348
4.65492  4.13993
4.5153  4.14212
4.60422  4.13889
4.74633  4.3664
5.12857  4.15972
4.66083  4.213
4.65321  4.20431
4.63063  4.13938
4.62287  4.18097
4.62295  4.14646
4.53772  4.14447
4.56621  4.18976
5.06402  4.29966
4.57607  4.16581
4.52581  4.20371
4.59733  4.16643
4.61982  4.15207
4.52158  4.17853
4.63015  4.17968
4.63462  4.17859
4.55785  4.21596
4.58898  4.53964
4.29257  4.22202
4.32965  4.18238
4.25138  4.19042
4.2666  4.14083
4.27656  4.15268
4.23575  4.13092
4.25935  4.20741
4.35682  4.1294
4.29795  4.18504
4.28104  4.16054
4.28229  4.17504
4.31135  4.10381
4.31186  4.17992
4.29432  4.15067
4.25219  4.12122
4.22246  4.10175
4.28804  4.18901
4.68955  4.13591
4.24539  4.12252
4.2277  4.12136
4.23894  4.13615
4.21989  4.12782
4.16613  4.14216
4.11972  4.09424
4.28668  4.25657
4.26638  4.21343
4.26251  4.15488
4.28493  4.22398
4.30032  4.14872
4.2272  4.17808
4.22519  4.22365
4.21542  4.19369
4.30043  4.17149
4.24987  4.14347
4.24409  4.24002
4.84898  4.56215
4.57326  3.93208
4.10938  4.11163
5.05927  4.30945
4.77849  4.20485
4.24572  4.13592
4.21639  4.22671
4.22218  4.18562
4.2398  4.16139
4.25117  4.17011
4.28061  4.22874
4.27903  4.19928
4.2492  4.1439
4.18792  4.14814
