On choisit de faire 21 répétitions du MPC avec 107 participants.
Taille de la signature : 33864 octets.
1.91471  1.90215
1.91913  1.89155
1.79851  1.90435
1.89443  1.90451
1.87358  1.88946
1.95044  1.88631
1.80125  1.96853
1.81863  1.8505
1.73116  1.87127
1.91826  1.87524
1.89056  1.67734
1.78367  1.84803
1.74339  1.89774
1.87031  1.98359
1.7868  1.91472
1.77848  1.86414
1.84999  1.89706
1.77519  1.9017
1.7829  1.88098
1.88608  1.88852
1.88266  1.8798
1.7778  1.8889
1.78642  1.85466
1.9186  1.89151
1.9275  1.88846
1.79185  1.68593
1.88527  1.88688
1.92371  1.89348
1.85842  1.88156
1.81035  1.92625
1.85985  1.6905
1.88273  1.90612
1.9018  1.89083
1.85197  1.92708
1.87308  1.87118
1.90727  1.88202
1.805  1.90346
1.90098  1.67739
1.88589  1.88843
1.87154  1.89746
1.79611  1.915
1.79517  1.86988
1.89897  1.88176
1.92947  1.87973
1.78336  1.89842
1.89671  1.62314
1.82356  1.66121
1.84212  1.863
1.70485  1.91857
1.84051  1.93
1.83906  1.90689
1.92365  1.67934
1.70739  1.91634
1.85442  1.88318
1.85542  1.87578
1.88019  1.93575
1.80465  1.90538
1.80826  1.8803
1.92283  1.88385
1.8859  1.68189
1.86534  1.65998
1.9703  1.65061
1.91708  1.66943
1.80372  1.91308
1.89653  1.62234
1.82079  1.87725
1.84082  1.69881
1.71542  1.85728
1.96952  1.64483
1.91183  1.89954
1.89696  1.66427
1.8933  1.64201
1.84118  1.87099
1.68634  1.94316
1.83962  1.91492
1.81  1.88253
1.88148  1.89422
1.84806  1.9219
1.68956  1.8952
1.80011  1.87011
1.96991  1.6537
1.84424  1.94854
1.884  1.87336
1.85188  1.884
1.90056  1.89783
1.88009  1.93552
1.79149  1.88812
1.85353  1.88432
1.93236  1.90056
1.87764  1.93636
1.80334  1.8795
1.85905  1.87633
1.91537  1.68285
1.8998  1.94441
1.78185  1.85288
1.96305  1.64591
1.88874  1.66717
1.8369  1.67909
1.92728  1.885
1.93003  1.64541
1.87057  1.93718
