On choisit de faire 39 répétitions du MPC avec 15 participants.
On utilise un (8,24)2-RMFE pour vérifier les AND.
Taille de la signature : 173061 octets.
2.57181  1.91912
2.10665  1.93712
2.1453  1.91184
2.21339  1.90305
2.19822  1.91167
2.10734  1.88409
2.22035  1.90198
2.19933  1.8999
2.09091  1.9
2.19547  1.89099
2.00514  1.8884
2.18562  1.92024
2.10653  1.90076
2.1944  1.89424
2.20837  1.89242
2.21454  1.89298
2.17767  1.90297
2.11195  1.89973
2.19537  1.89132
2.11302  1.89289
2.21935  1.89779
2.21009  1.89718
2.20369  1.89989
2.17707  1.89142
2.1127  1.88915
2.22096  1.91219
2.11206  1.89646
2.22048  1.89432
2.09943  1.90219
2.20378  1.88569
2.0942  1.90027
2.19719  1.89855
2.23208  1.88615
2.20015  1.90368
2.1091  1.89492
2.1845  1.90969
2.20465  1.90274
2.11801  1.92163
2.20524  1.89568
2.22615  1.89486
2.0935  1.92301
2.01693  1.89601
2.12008  1.90268
2.22395  1.89468
2.11054  1.88384
2.01928  1.93056
2.22712  1.89728
2.22186  1.89244
2.20452  1.89109
2.21373  1.89901
2.10236  1.8902
2.22789  1.8877
2.13716  1.91147
2.10662  1.90197
2.19054  1.8999
2.20468  1.89352
2.20397  1.88734
2.11319  1.89521
2.13309  1.90058
2.12515  1.90218
2.18921  1.89008
2.18421  1.90262
2.19812  1.90212
2.22639  1.88883
2.09681  1.9025
2.10897  1.90184
2.12379  1.90913
2.10182  1.90365
2.12773  1.89107
2.10707  1.90955
2.24378  1.91062
2.11493  1.89899
2.14242  1.89653
2.18841  1.89379
2.19755  1.89287
2.22269  1.89148
2.09609  1.89978
2.00169  1.89581
2.11953  1.90095
2.12752  1.89655
2.21327  1.88612
1.996  1.9154
2.19885  1.89446
2.18724  1.92367
2.18316  1.89436
2.20064  1.88643
2.03237  1.90163
2.21194  1.90419
2.10081  1.90064
2.22456  1.90085
2.08418  1.9121
2.19995  1.89779
2.23133  1.90179
2.1852  1.90033
2.20231  1.89328
2.21646  1.89501
2.21366  1.91001
2.12933  1.88377
2.09512  1.9023
2.11346  1.89332
2.00966  1.91722
