On choisit de faire 27 répétitions du MPC avec 68 participants.
On utilise un (8,24)2-RMFE pour vérifier les AND.
Taille de la signature : 121137 octets.
5.94854  5.79052
5.8883  5.53589
5.74188  5.57705
5.84898  5.54222
5.79846  5.6015
5.77554  5.58548
5.65871  5.46657
5.73536  5.5185
5.69404  5.58339
5.78038  5.54121
5.69462  5.47292
5.74241  5.56595
5.77916  5.52641
5.78157  5.4878
5.73834  5.54673
5.76715  5.53831
5.69905  5.46149
5.77392  5.54235
5.71954  5.5436
5.77312  5.53784
5.79221  5.50091
5.77751  5.50877
5.82037  5.55544
5.73626  5.63879
5.77952  5.52541
5.67296  5.54561
5.73548  5.49064
5.76571  5.57297
5.81706  5.54144
5.77145  5.50492
5.7445  5.56563
5.77237  5.55974
5.81221  5.5192
5.75081  5.57018
5.76901  5.59097
5.75111  5.53447
5.84589  5.55902
5.73981  5.56972
5.77349  5.51557
5.787  5.61343
5.73644  5.50492
5.87322  5.59879
5.67419  5.69362
5.89704  5.51429
5.75194  5.5702
5.76844  5.5584
5.74067  5.53777
5.79475  5.61497
5.78494  5.59062
5.79108  5.60237
5.70474  5.57847
5.80051  5.56048
5.7617  5.5485
5.72021  5.56329
5.77109  5.51671
5.76913  5.58191
5.80225  5.5693
5.7544  5.58371
5.69825  5.60353
5.7685  5.46982
5.70224  5.50368
5.8694  5.66936
5.70849  5.51992
5.74941  5.47409
5.70197  5.43567
5.7494  5.50064
5.72494  5.51559
5.71585  5.5038
5.81195  5.56016
5.78508  5.52835
5.81701  5.53667
5.77015  5.58452
5.92312  5.49797
5.82376  5.44642
5.76482  5.58407
5.70218  5.51568
5.79155  5.49733
5.76108  5.54377
5.76354  5.53937
5.70178  5.51047
5.72448  5.52855
5.74365  5.53882
5.84698  5.59699
5.71824  5.5125
5.78016  5.56299
5.64914  5.54626
5.83833  5.46881
5.75067  5.54812
5.76162  5.58988
5.74719  5.51304
5.65001  5.60181
5.93442  5.51675
5.72994  5.46532
5.71841  5.51762
5.82391  5.54642
5.69433  5.54594
5.7755  5.50519
5.78364  5.50409
5.73607  5.57272
5.81935  5.60125
5.79833  5.56109
