On choisit de faire 21 répétitions du MPC avec 256 participants.
On utilise un (8,24)2-RMFE pour vérifier les AND.
Taille de la signature : 94575 octets.
18.4555  18.5383
15.918  17.6098
15.8466  17.603
15.8095  17.6142
15.8361  17.5631
15.8458  17.5917
15.8386  17.374
15.791  17.5861
15.8339  17.5847
15.8498  17.3968
15.8862  17.5839
15.9168  17.4139
15.8465  17.6625
15.8273  17.1719
15.7622  17.6321
15.9009  17.6317
15.8195  17.3621
15.8721  17.6116
15.8348  17.6657
15.8306  17.6155
15.8485  17.6217
15.882  17.6144
15.893  17.3903
15.8182  17.6567
15.771  17.6284
15.8684  17.4528
15.8245  17.6293
15.8633  17.403
15.7645  17.6164
15.885  17.2129
15.7845  17.6274
15.8782  17.6329
15.2908  17.1637
15.1336  17.1732
15.1718  17.1659
15.1144  16.841
15.1662  17.1644
15.2256  17.1059
15.1112  17.1658
15.1603  17.1558
15.1641  16.5912
15.2028  17.122
15.2639  17.1175
15.1854  17.1347
15.2056  17.1407
15.1283  17.1822
15.0952  16.8281
15.1486  17.143
15.2214  16.6187
15.2541  16.9168
15.2864  17.1986
15.1999  17.1424
15.1419  16.8565
15.288  16.8531
15.2832  17.2998
15.8426  17.0855
15.8006  17.619
15.8542  17.5607
15.8375  17.6034
15.7829  17.6201
15.9567  17.6565
15.8557  17.6994
15.8355  17.6421
15.853  17.6219
15.7917  17.6168
15.8351  17.1427
15.8928  17.3538
15.8772  17.6276
15.8273  17.3203
15.8758  17.6307
15.7765  17.5872
15.7441  17.5757
15.8614  17.606
15.9195  17.6103
15.8753  17.3654
15.8254  17.6337
15.8147  17.5926
15.8461  17.5798
15.8462  17.6487
15.9139  17.4196
15.7844  17.5693
15.8735  17.5953
15.8041  17.6276
15.7908  17.5742
15.8534  17.6297
15.8856  17.1521
15.8482  17.5425
15.8422  17.5897
15.8472  17.6214
15.8906  17.7162
15.8438  17.3729
15.7731  17.6319
15.8547  17.6346
15.827  17.5446
15.8444  17.5924
15.7753  17.624
15.8142  17.5891
15.7899  17.3516
15.8929  17.6175
15.7566  17.631
15.8279  17.6286
