On choisit de faire 36 répétitions du MPC avec 20 participants.
On utilise un (8,24)2-RMFE pour vérifier les AND.
Taille de la signature : 160332 octets.
3.11162  2.44807
2.61935  2.44283
2.65913  2.41455
2.61086  2.44388
2.61965  2.42133
2.6054  2.40338
2.63484  2.41965
2.61529  2.47326
2.64351  2.41277
2.52419  2.42251
2.64917  2.40513
2.51481  2.43627
2.62927  2.44352
2.63983  2.41869
2.63483  2.40576
2.62948  2.41248
2.63345  2.42187
2.54202  2.41753
2.59962  2.4061
2.63904  2.41959
2.62126  2.43007
2.62647  2.42393
2.60121  2.45822
2.5646  2.37644
2.59567  2.41171
2.56652  2.38583
2.58195  2.386
2.57162  2.40698
2.57094  2.39399
2.5947  2.40083
2.6366  2.39287
2.58044  2.38598
2.59831  2.39804
2.57232  2.39917
2.57379  2.39426
2.59115  2.3794
2.60402  2.39035
2.59181  2.37754
2.49967  2.38042
2.57405  2.39495
2.56694  2.39482
2.5728  2.38245
2.58995  2.38828
2.62945  2.38407
2.60253  2.41165
2.56762  2.40054
2.58952  2.38029
2.587  2.39485
2.57966  2.39956
2.55374  2.38648
2.57583  2.39418
2.59961  2.38585
2.58981  2.38499
2.59847  2.37972
2.55872  2.38446
2.58154  2.39768
2.59662  2.3802
2.59795  2.39114
2.60665  2.39645
2.60311  2.39211
2.57647  2.38543
2.56293  2.38338
2.58075  2.39657
2.58696  2.40295
2.56884  2.38412
2.57667  2.39343
2.51712  2.37925
2.56261  2.42024
2.58241  2.39589
2.60068  2.40105
2.57895  2.37729
2.59277  2.39006
2.50575  2.38958
2.58136  2.39216
2.59227  2.40469
2.60263  2.3865
2.60124  2.39103
2.5876  2.40419
2.59783  2.3887
2.56917  2.39538
2.63557  2.42664
2.60049  2.38685
2.57776  2.39815
2.59765  2.38896
2.56816  2.3827
2.60309  2.38649
2.59677  2.39285
2.48139  2.38206
2.59587  2.38695
2.56682  2.38859
2.57989  2.39027
2.58162  2.39997
2.56725  2.39212
2.58453  2.38715
2.59412  2.39144
2.57629  2.40183
2.57881  2.38568
2.56303  2.40118
2.57786  2.38908
2.63744  2.40353
2.58228  2.37798
