On choisit de faire 33 répétitions du MPC avec 27 participants.
On utilise un (8,24)2-RMFE pour vérifier les AND.
Taille de la signature : 146979 octets.
3.05026  2.89023
3.14811  2.83889
3.13925  2.82654
3.04618  2.83507
3.02051  2.81316
3.08204  2.71074
3.15483  2.77147
3.0093  2.70849
3.02357  2.7946
3.12546  2.77554
3.03509  2.82448
3.05632  2.82222
3.05451  2.83175
3.11222  2.7343
3.02014  2.82764
3.04574  2.75048
3.04783  2.7891
3.07041  2.823
3.05156  2.83915
3.14457  2.85988
3.05652  2.84427
3.14135  2.83926
3.02062  2.83195
3.03855  2.7509
3.05961  2.77165
3.13819  2.83555
3.10686  2.79379
3.11139  2.81407
3.1121  2.81715
3.02462  2.79247
3.02354  2.8394
3.06037  2.85071
3.03133  2.83047
3.05139  2.76662
3.11236  2.82963
3.03377  2.80218
3.05167  2.8349
3.03007  2.83544
3.12451  2.81976
3.04247  2.84224
3.05853  2.84437
3.03206  2.78105
3.04717  2.84469
3.1454  2.83849
3.02555  2.76374
3.03814  2.83485
3.02388  2.8654
3.01827  2.8191
3.10968  2.77805
3.03063  2.81481
3.03499  2.81723
3.04527  2.82653
3.12851  2.80066
3.03228  2.78588
3.08829  2.73089
3.02742  2.76977
3.13626  2.92796
3.03253  2.81417
3.00935  2.72549
3.10154  2.73278
3.13247  2.83721
3.09324  2.79683
3.02134  2.75984
3.03654  2.82579
3.0244  2.79483
3.01949  2.84396
3.09033  2.82571
3.04488  2.73572
3.14299  2.83967
3.13958  2.83059
3.03679  2.75661
3.0436  2.74086
3.02164  2.84113
2.97758  2.72946
3.06836  2.74908
3.11086  2.84912
3.12725  2.82536
3.02198  2.82616
3.02305  2.74798
3.02795  2.83963
3.04027  2.8273
3.04019  2.81079
3.10088  2.8549
3.03983  2.8389
3.0235  2.84847
3.0274  2.83581
3.10639  2.81949
3.0387  2.84987
3.03153  2.8463
3.11201  2.84034
3.02143  2.80515
3.03575  2.83859
3.02646  2.85459
3.03814  2.82879
3.09526  2.85074
3.05182  2.83034
3.13738  2.8416
3.06311  2.80272
3.12388  2.74967
3.14253  2.82689
3.12723  2.78008
