On choisit de faire 24 répétitions du MPC avec 134 participants.
On utilise un (8,24)2-RMFE pour vérifier les AND.
Taille de la signature : 108072 octets.
9.89412  9.88855
9.57336  9.33743
9.41307  9.52168
9.36084  9.38924
9.41858  9.3412
9.42472  9.38106
9.45157  9.37871
9.43719  9.4325
9.41529  9.42059
9.44018  9.5172
9.445  9.52346
9.40899  9.43614
9.42131  9.37738
9.52925  9.55884
9.46415  9.33947
9.40271  9.33538
9.49341  9.37681
9.49989  9.37632
9.52018  9.43935
9.46335  9.43679
9.475  9.39829
9.50613  9.4077
9.44251  9.32417
9.53561  9.32824
9.53674  9.30862
9.39025  9.32398
9.45784  9.33317
9.47728  9.29667
9.58315  9.37582
9.51092  9.3687
9.57218  9.36913
9.4258  9.2837
9.54268  9.35954
9.38324  9.26211
9.4368  9.36456
9.49517  9.40586
9.4354  9.27418
9.43654  9.33836
9.53261  9.32222
9.51677  9.37414
9.44072  9.36407
9.38165  9.3182
9.48461  9.35766
9.43633  9.33792
9.51407  9.33523
9.40775  9.36024
9.43568  9.42346
9.44951  9.37979
9.4837  9.26521
9.47413  9.35117
9.48523  9.43269
9.48216  9.42096
9.487  9.32023
9.54992  9.45034
9.40211  9.4123
9.46544  9.37339
9.46334  9.34405
9.66442  9.42329
9.48801  9.3364
9.47588  9.34635
9.51052  9.33619
9.43338  9.35298
9.43476  9.41473
9.50161  9.3396
9.50792  9.37268
9.55461  9.36144
9.49338  9.31989
9.41654  9.32591
9.62291  9.40734
9.4525  9.38413
9.43458  9.43567
9.47673  9.38635
9.43656  9.35785
9.48501  9.39263
9.51007  9.33922
9.48543  9.35693
9.58083  9.32263
9.45452  9.30795
9.42866  9.26651
9.64299  9.36215
9.46709  9.29752
9.49867  9.32176
9.42785  9.28997
9.37721  9.3083
9.45989  9.45391
9.4403  9.3032
9.47572  9.32991
9.5299  9.27681
9.44406  9.31398
9.38756  9.38156
9.60142  9.39434
9.51184  9.37631
9.47923  9.29505
9.48902  9.28392
9.48828  9.31362
9.48926  9.50405
9.45648  9.34364
9.4756  9.33048
9.47521  9.3661
9.46489  9.28315
9.48364  9.29632
