On choisit de faire 30 répétitions du MPC avec 41 participants.
On utilise un (8,24)2-RMFE pour vérifier les AND.
Taille de la signature : 134106 octets.
4.17625  3.95444
4.14951  3.90451
4.09941  3.9209
4.0663  3.90114
4.12647  3.90603
4.12944  3.91576
4.11022  3.91533
4.11823  3.91593
4.0876  3.92993
4.11217  4.00154
4.13313  3.92734
4.03735  3.91985
4.14029  3.92808
4.12358  3.92665
4.14771  3.94568
4.10669  3.94751
4.08467  3.90266
4.13673  3.91559
4.15847  3.91336
4.14149  3.91741
4.12556  3.92173
4.15255  3.96438
4.10044  3.91781
4.11435  3.91987
4.11902  3.92892
4.13131  3.94063
4.02681  3.84171
4.04446  3.84083
4.0895  3.87016
4.07934  3.76561
3.98079  3.8078
3.95319  3.76999
4.10821  3.86312
4.03548  3.79571
4.04361  3.85022
4.08111  3.80204
4.04609  3.79268
4.08716  3.83267
4.09898  3.88977
4.02315  3.86485
4.08891  3.90685
4.0874  3.86091
4.04892  3.89984
4.08368  3.88549
4.08349  3.81088
4.0058  3.78699
3.95739  3.78098
4.05789  3.77921
4.08654  3.80635
4.10036  3.85128
4.02362  3.81367
4.10043  3.8788
4.07784  3.90039
4.07713  3.92982
4.08435  3.7762
4.00775  3.88178
4.03754  3.79137
4.01732  3.73134
4.0357  3.73717
4.05531  3.78646
4.05279  3.88219
4.06553  3.78856
4.05466  3.8847
4.06702  3.76752
4.0425  3.79074
4.02656  3.8272
4.05141  3.8072
4.11159  3.87288
4.10614  3.88266
4.06577  3.84291
3.98512  3.85005
4.09354  3.84965
4.08762  3.89288
4.08126  3.82616
4.06721  3.83431
4.05249  3.88876
4.03689  3.82628
3.95983  3.80474
4.03569  3.78133
4.0623  3.83908
4.08786  3.73648
4.01998  3.89573
4.10966  3.87955
4.08433  3.81234
4.05438  3.75723
4.08553  3.79381
4.08926  3.8552
4.09729  3.84262
4.05229  3.76423
4.01209  3.75671
4.08063  3.78462
4.10592  3.84305
4.07634  3.85203
4.09388  3.86403
4.11693  3.86211
4.08193  3.87366
4.08168  3.85364
4.07758  3.79416
4.09549  3.88118
4.09735  3.8975
4.04722  3.83282
