On choisit de faire 49 répétitions du MPC avec 8 participants.
On utilise un (8,24)2-RMFE pour vérifier les AND.
Taille de la signature : 216627 octets.
1.54373  1.2205
1.55924  1.22223
1.60649  1.28021
1.54649  1.21428
1.52565  1.21293
1.50587  1.21199
1.52855  1.22447
1.52465  1.20523
1.52367  1.2125
1.50342  1.21952
1.5287  1.23036
1.54906  1.20409
1.53281  1.21899
1.50161  1.20932
1.52301  1.23158
1.52216  1.20873
1.52253  1.23432
1.51944  1.22184
1.57956  1.20887
1.52713  1.22572
1.51962  1.21786
1.51629  1.22517
1.50567  1.23002
1.51883  1.22646
1.54388  1.22327
1.53282  1.21856
1.50369  1.24144
1.53842  1.19947
1.53068  1.21373
1.50136  1.22071
1.55404  1.22879
1.50821  1.2026
1.53417  1.22938
1.52458  1.21527
1.50494  1.25506
1.50617  1.22647
1.49648  1.22771
1.51111  1.20534
1.50751  1.21108
1.53516  1.22019
1.50955  1.21714
1.52621  1.20927
1.53663  1.22186
1.49562  1.21431
1.52321  1.21516
1.53114  1.21091
1.5483  1.21934
1.49538  1.21391
1.50483  1.23096
1.52918  1.22844
1.52003  1.21302
1.51131  1.21431
1.51854  1.21869
1.53427  1.19553
1.53746  1.21488
1.48355  1.21108
1.52185  1.21155
1.56812  1.20446
1.50249  1.18897
1.53026  1.20181
1.51965  1.21149
1.49337  1.20433
1.49135  1.20326
1.49055  1.20603
1.50011  1.21731
1.52801  1.21664
1.5349  1.2026
1.50262  1.19884
1.51859  1.2192
1.5124  1.20421
1.50352  1.18485
1.53419  1.21267
1.51198  1.19588
1.51716  1.20523
1.50308  1.19953
1.50793  1.22339
1.60959  1.21121
1.5048  1.19859
1.50535  1.20777
1.51321  1.20626
1.53495  1.19755
1.49193  1.21148
1.48225  1.19525
1.51243  1.20752
1.51696  1.2034
1.51006  1.19853
1.51035  1.20454
1.51292  1.20198
1.53406  1.22263
1.49212  1.24093
1.50874  1.20343
1.52803  1.19852
1.51712  1.19468
1.52521  1.19902
1.5108  1.20332
1.4939  1.21008
1.49383  1.21232
1.53445  1.20061
1.48606  1.19588
1.52798  1.19955
1.51811  1.1955
