On choisit de faire 25 répétitions du MPC avec 117 participants.
version d'ASCON avec lambda = 8.
nombre d'opérations non linéaires : 144
On fait la technique de vérification Banquet : les polynômes d'entrée seront de degré 14 au nombre de 10.
Taille de la signature : 26346 octets.
5.05074  5.86307
5.03067  5.70527
5.01413  5.69019
5.52878  5.7393
5.07209  5.72826
5.06667  5.75348
4.92542  5.3324
5.04287  5.71519
5.06446  5.77995
5.01057  5.37703
5.04764  5.71893
5.07544  5.72478
5.06316  5.75119
5.01971  5.72367
4.91814  4.96389
5.10893  5.75219
5.07838  5.72904
5.0732  5.7614
5.03994  5.76077
5.09593  5.72849
5.02714  5.74722
5.00657  5.36125
5.09405  5.29932
5.09399  5.74799
5.05203  5.73025
5.05344  5.71068
4.89755  5.31019
4.94668  4.91511
5.07985  5.74008
5.07893  5.73743
5.04705  5.77926
4.91159  5.33459
5.07944  5.30349
4.89783  5.33829
5.0289  5.73206
4.9867  5.69463
5.00516  4.90902
5.10022  5.74227
5.06277  5.71196
5.07769  5.75115
4.90335  5.34103
5.03658  5.71983
5.00688  5.31852
5.00697  5.72932
5.0507  5.7469
5.05678  5.70577
5.02524  5.74735
5.07271  5.74077
5.07894  5.29
5.05964  5.71962
5.04872  5.72332
5.06396  5.70521
5.06708  5.33441
5.0614  5.74519
5.05026  5.72187
4.89138  5.34515
5.0516  5.74818
5.07772  5.72807
5.06627  5.30696
5.00687  4.92106
4.98854  5.35842
5.05805  5.70998
5.08897  5.75193
5.02021  5.75028
5.03853  5.30578
5.07976  5.70167
4.95772  4.934
5.09218  5.71735
5.02318  5.34194
5.05073  5.73556
5.03311  5.73035
5.05469  5.72268
5.04435  5.70984
5.04021  5.31571
5.09511  5.72938
5.05159  5.76751
5.0796  5.73332
4.92724  4.90355
5.08186  5.71125
4.96309  5.3525
5.06598  5.72987
5.07079  5.75714
5.07127  5.7451
5.05692  5.735
4.91608  5.32028
4.97679  5.31983
4.98715  5.33473
5.08554  5.71523
4.99759  5.70119
5.02989  5.74524
5.06883  5.71728
4.89582  5.32677
4.90376  5.35278
5.03694  5.72011
5.05667  5.72665
5.02351  5.72288
5.04123  5.73335
5.01871  5.71619
5.07794  5.74337
5.08142  5.7699
5.09274  5.71103
5.05425  5.72636
