On choisit de faire 31 répétitions du MPC avec 40 participants.
version d'ASCON avec lambda = 8.
nombre d'opérations non linéaires : 144
On fait la technique de vérification Banquet : les polynômes d'entrée seront de degré 15 au nombre de 9.
Taille de la signature : 31995 octets.
2.17298  2.62413
2.57732  2.88918
2.52467  3.02645
2.60515  3.04567
2.13647  2.51014
2.24871  2.52553
2.13504  2.51214
2.17151  2.52564
2.14518  2.53069
2.14197  2.50517
2.13405  2.51923
2.13073  2.51628
2.13528  2.5241
2.15868  2.51942
2.13877  2.52804
2.16365  2.52541
2.1383  2.53069
2.13245  2.5491
2.15076  2.51893
2.15901  2.52901
2.17303  2.51081
2.17252  2.52399
2.16472  2.53884
2.13525  2.53743
2.16121  2.52902
2.17867  2.52098
2.1746  2.51899
2.1488  2.51291
2.13052  2.53201
2.14424  2.51675
2.13984  2.51184
2.1809  2.52238
2.14777  2.52987
2.17343  2.52131
2.15111  2.52275
2.17309  2.51352
2.16676  2.51874
2.15858  2.52419
2.17889  2.51442
2.14158  2.52978
2.15522  2.52252
2.17044  2.5255
2.14635  2.51663
2.13505  2.5232
2.14905  2.52227
2.14238  2.51804
2.15965  2.52414
2.16687  2.509
2.1567  2.50554
2.13832  2.51842
2.13435  2.51885
2.13737  2.50301
2.15277  2.525
2.13347  2.5106
2.1284  2.50661
2.13648  2.50647
2.14582  2.50991
2.16125  2.51303
2.13009  2.51554
2.14145  2.51101
2.12901  2.52629
2.15588  2.49666
2.13773  2.50744
2.15607  2.51311
2.27735  2.51803
2.13473  2.54226
2.14091  2.51558
2.145  2.52134
2.1514  2.53324
2.15318  2.52504
2.13303  2.53324
2.13271  2.52996
2.1663  2.51429
2.13712  2.50775
2.16027  2.52156
2.13342  2.53228
2.16484  2.51326
2.14141  2.51031
2.14285  2.52077
2.13449  2.52048
2.12759  2.50527
2.19759  2.50823
2.13603  2.50495
2.14668  2.51544
2.13276  2.51459
2.13616  2.51382
2.13512  2.5131
2.13953  2.51998
2.13101  2.5137
2.16017  2.53076
2.14865  2.50716
2.16941  2.52145
2.13993  2.51057
2.14705  2.52647
2.1433  2.50054
2.15475  2.51641
2.13944  2.51567
2.13656  2.50947
2.14866  2.51108
2.14855  2.52612
2.13288  2.50703
