On choisit de faire 28 répétitions du MPC avec 57 participants.
version d'ASCON avec lambda = 8.
nombre d'opérations non linéaires : 144
On fait la technique de vérification Banquet : les polynômes d'entrée seront de degré 11 au nombre de 12.
Taille de la signature : 29188 octets.
2.41005  2.41831
2.58238  2.17603
2.35413  2.18404
2.34126  2.19535
2.30668  2.16297
2.32838  2.18726
2.34664  2.18292
2.29959  2.1821
2.33494  2.17448
2.31047  2.1662
2.32022  2.1854
2.3068  2.19297
2.33736  2.15926
2.3085  2.17223
2.332  2.16143
2.32134  2.16821
2.34875  2.16027
2.3157  2.17685
2.308  2.15043
2.33074  2.17419
2.313  2.16858
2.33712  2.19198
2.29425  2.15104
2.30603  2.15499
2.29599  2.14023
2.3069  2.15217
2.30072  2.14138
2.31834  2.1755
2.31948  2.14212
2.30487  2.15664
2.29597  2.14786
2.31023  2.16852
2.31896  2.15675
2.28618  2.15426
2.31534  2.15011
2.32053  2.1582
2.31554  2.15246
2.30616  2.14238
2.28995  2.1573
2.27941  2.15744
2.31017  2.1425
2.3116  2.15909
2.31078  2.18282
2.32872  2.19063
2.30929  2.18087
2.3249  2.17109
2.3351  2.1799
2.31449  2.18219
2.34296  2.1777
2.33661  2.1924
2.31015  2.16436
2.34077  2.19651
2.32595  2.16891
2.31818  2.17898
2.33752  2.16507
2.29549  2.15874
2.32739  2.17423
2.32921  2.18363
2.34471  2.17318
2.31839  2.16729
2.29393  2.15809
2.31168  2.15708
2.28327  2.14721
2.29733  2.15082
2.28378  2.15106
2.28865  2.14497
2.30977  2.14167
2.31002  2.18606
2.28491  2.15735
2.30859  2.16402
2.28916  2.15333
2.30455  2.15514
2.31501  2.13833
2.36959  2.1977
2.31974  2.18945
2.34921  2.17055
2.33051  2.1655
2.3329  2.17321
2.30516  2.16472
2.32731  2.17929
2.31542  2.16918
2.33943  2.17305
2.32224  2.16403
2.32056  2.17245
2.34539  2.16545
2.29508  2.18179
2.31738  2.16136
2.31701  2.17271
2.36804  2.16802
2.32148  2.17611
2.29713  2.16051
2.34156  2.16972
2.30897  2.16118
2.30569  2.14617
2.28635  2.15314
2.30725  2.14213
2.35597  2.15284
2.28777  2.1478
2.29942  2.14249
2.30214  2.16275
2.31807  2.14494
