On choisit de faire 34 répétitions du MPC avec 27 participants.
version d'ASCON avec lambda = 8.
nombre d'opérations non linéaires : 144
On fait la technique de vérification Banquet : les polynômes d'entrée seront de degré 15 au nombre de 9.
Taille de la signature : 34538 octets.
1.61231  1.8535
1.60323  1.86683
1.61582  1.83885
1.5938  1.84565
1.58519  1.83758
1.61989  1.85047
1.58894  1.848
1.5932  1.84314
1.58711  1.85048
1.59136  1.86779
1.62039  1.84158
1.61057  1.84639
1.60818  1.85341
1.59315  1.85881
1.59078  1.8485
1.5883  1.85038
1.58343  1.84834
1.59342  1.8402
1.59588  1.88124
1.59076  1.84089
1.61423  1.84891
1.61411  1.84584
1.61261  1.84959
1.58661  1.84288
1.62457  1.83812
1.60955  1.84222
1.62419  1.88858
1.6203  1.84657
1.58414  1.83922
1.60635  1.8652
1.59938  1.85105
1.61043  1.84132
1.65443  1.8514
1.59027  1.84682
1.598  1.88729
1.60905  1.84947
1.59097  1.84353
1.6016  1.84299
1.61005  1.83736
1.58151  1.84908
1.59046  1.86375
1.59141  1.84576
1.62612  1.84636
1.5853  1.85267
1.59169  1.85155
1.6165  1.84584
1.61562  1.84015
1.5856  1.85105
1.61757  1.84366
1.6123  1.84268
1.5852  1.85882
1.64922  1.84282
1.59297  1.83818
1.59122  1.85823
1.58648  1.8619
1.66239  1.84759
1.59599  1.85956
1.61377  1.84585
1.64919  1.86172
1.61405  1.84324
1.59377  1.86183
1.621  1.84479
1.6135  1.83477
1.61034  1.85549
1.6198  1.8501
1.61911  1.84463
1.6265  1.86493
1.61043  1.88532
1.61891  1.85274
1.60384  1.84138
1.59648  1.85278
1.60725  1.87195
1.61398  1.83849
1.58353  1.86191
1.59099  1.84993
1.60643  1.83799
1.61124  1.84304
1.58837  1.85471
1.59724  1.83799
1.61915  1.83852
1.60987  1.85283
1.61558  1.85201
1.5998  1.84591
1.61656  1.842
1.59109  1.85296
1.59789  1.84785
1.58832  1.84022
1.59641  1.85789
1.59369  1.85346
1.61768  1.85939
1.58417  1.8519
1.58127  1.85996
1.60531  1.83404
1.6247  1.83462
1.5962  1.85056
1.65423  1.84072
1.59214  1.84271
1.59241  1.86105
1.59123  1.84774
1.59849  1.84706
1.61256  1.83541
