On choisit de faire 37 répétitions du MPC avec 20 participants.
version d'ASCON avec lambda = 8.
nombre d'opérations non linéaires : 144
On fait la technique de vérification Banquet : les polynômes d'entrée seront de degré 15 au nombre de 9.
Taille de la signature : 37577 octets.
1.31762  1.20029
1.32108  1.18875
1.33914  1.19633
1.36953  1.18394
1.35081  1.18247
1.30888  1.17209
1.33463  1.17661
1.33002  1.18688
1.33427  1.17293
1.31295  1.1856
1.3383  1.18841
1.3311  1.17886
1.34239  1.17594
1.33559  1.17147
1.32881  1.17535
1.33534  1.17724
1.30656  1.17336
1.3298  1.18654
1.32405  1.18381
1.30674  1.17651
1.32337  1.18209
1.30775  1.19051
1.36148  1.17811
1.30282  1.19066
1.33619  1.18959
1.31811  1.18351
1.32368  1.18247
1.33073  1.17978
1.31044  1.19862
1.29612  1.17322
1.29184  1.18297
1.29489  1.1911
1.29607  1.18501
1.29692  1.17237
1.30799  1.17107
1.29837  1.16393
1.29917  1.16775
1.31398  1.16402
1.32014  1.17758
1.29206  1.16579
1.29408  1.17451
1.29199  1.17173
1.29628  1.16716
1.29843  1.17097
1.3364  1.16958
1.30204  1.17835
1.2979  1.16621
1.30063  1.17632
1.29709  1.178
1.29306  1.17488
1.29192  1.17037
1.29523  1.1756
1.30743  1.16598
1.30308  1.18
1.30457  1.16653
1.31616  1.16254
1.29672  1.1677
1.32351  1.17281
1.29868  1.16446
1.32083  1.17338
1.30398  1.1759
1.31779  1.17127
1.32751  1.17047
1.32404  1.16681
1.30742  1.16999
1.32554  1.17404
1.29981  1.17092
1.32005  1.18598
1.31509  1.17542
1.29624  1.17555
1.30574  1.17764
1.3269  1.18485
1.32657  1.17076
1.32758  1.16967
1.30922  1.16629
1.32637  1.16754
1.32248  1.17161
1.32021  1.16787
1.2902  1.17814
1.29374  1.16485
1.29474  1.17605
1.29747  1.17201
1.29743  1.18325
1.30389  1.1687
1.30075  1.17765
1.31791  1.17328
1.32717  1.16599
1.32075  1.17184
1.29398  1.17489
1.31689  1.1668
1.29186  1.17048
1.29033  1.18316
1.29232  1.18013
1.29554  1.17274
1.3052  1.18204
1.31174  1.16499
1.29154  1.17042
1.32176  1.17055
1.32906  1.17193
1.31958  1.16942
1.30273  1.16952
