On choisit de faire 22 répétitions du MPC avec 256 participants.
version d'ASCON avec lambda = 8.
nombre d'opérations non linéaires : 144
On fait la technique de vérification Banquet : les polynômes d'entrée seront de degré 15 au nombre de 9.
Taille de la signature : 23438 octets.
10.6797  11.7102
9.81968  10.6078
9.73912  10.6136
9.79104  10.6551
9.71965  10.3554
9.70909  10.6419
9.69921  10.2926
9.71839  10.614
9.77001  10.6266
9.77932  10.2818
9.94029  10.6665
9.77528  10.6625
9.75695  10.2923
9.63304  10.6608
9.77624  10.2954
9.82233  10.3072
9.77578  10.6748
9.79411  10.6388
9.68848  10.6476
9.7908  10.6661
9.73702  10.6682
9.82452  10.2831
9.82866  10.6669
9.72665  10.629
9.72424  9.96533
9.79623  10.297
9.78215  10.6277
9.77477  10.3396
9.81353  10.7114
9.77716  10.6385
9.77449  10.239
9.75494  10.6719
9.72914  10.6742
9.77339  10.6631
9.76154  10.6302
9.79907  10.6885
9.80281  10.6695
9.68529  10.3154
9.75251  10.6407
9.69161  10.3
9.71619  10.6349
9.68841  10.6527
9.70169  10.6338
9.78807  10.6287
9.71749  10.6429
9.81116  10.6546
9.80285  10.6503
9.7679  10.6675
9.76928  10.7034
9.83152  10.6449
9.69245  10.6306
9.81621  10.702
9.7125  10.6559
10.2297  10.7309
9.78149  10.6883
9.74418  10.2748
9.80941  10.2651
9.66723  10.6154
9.68828  10.6312
9.75942  10.67
9.71324  10.3175
9.68528  10.7256
9.69346  10.6071
9.7508  10.3182
9.64663  10.642
10.0958  11.0835
9.7789  10.6636
10.8995  11.8165
10.9135  10.6702
9.63187  10.1544
9.52032  10.5013
9.63972  10.1483
9.65369  10.4964
9.65099  10.5218
9.7311  10.1607
9.57146  10.4971
9.65509  10.5345
9.59134  10.5166
9.66632  10.5195
9.6812  10.2729
9.64379  9.89793
9.61216  10.1695
9.60898  10.5254
9.67738  9.84058
9.67281  10.5223
9.552  10.4726
9.65597  10.5346
9.69545  10.1656
9.58886  10.515
9.58334  10.1715
9.64777  10.4958
9.62445  10.4985
9.64003  10.528
9.61348  10.4768
9.59733  9.84849
9.67444  10.5049
9.63966  10.5162
9.62195  10.519
9.58984  10.1635
9.55697  10.5095
9.61993  10.547
