On choisit de faire 40 répétitions du MPC avec 15 participants.
version d'ASCON avec lambda = 8.
nombre d'opérations non linéaires : 144
On fait la technique de vérification Banquet : les polynômes d'entrée seront de degré 15 au nombre de 9.
Taille de la signature : 39976 octets.
1.0678  1.25442
1.06772  1.29303
1.10034  1.23827
1.07818  1.21735
1.08674  1.2222
1.09364  1.21565
1.09606  1.21929
1.09111  1.21775
1.08078  1.23253
1.05486  1.22791
1.06939  1.22566
1.0648  1.22246
1.07078  1.22458
1.06052  1.21443
1.08882  1.23851
1.0554  1.22466
1.06363  1.22345
1.08539  1.2243
1.0538  1.21219
1.05497  1.22415
1.08492  1.22174
1.05711  1.21816
1.05747  1.25216
1.0507  1.21388
1.06798  1.24731
1.05095  1.2162
1.08741  1.22362
1.06368  1.21702
1.05683  1.22677
1.05742  1.22084
1.09324  1.22113
1.08698  1.21172
1.06708  1.21522
1.08235  1.21408
1.08023  1.21622
1.0553  1.23293
1.0649  1.21703
1.06255  1.24708
1.05722  1.21761
1.06246  1.22265
1.05903  1.21804
1.06281  1.22994
1.05969  1.22062
1.07009  1.22023
1.0588  1.21843
1.10687  1.2235
1.06503  1.21584
1.08491  1.21469
1.05503  1.21903
1.06798  1.21209
1.08213  1.21725
1.08684  1.21195
1.08032  1.21193
1.06289  1.25674
1.06049  1.22326
1.05979  1.22616
1.07824  1.21624
1.05639  1.22252
1.06098  1.22654
1.06029  1.21251
1.08205  1.21536
1.06439  1.24753
1.10197  1.22084
1.08144  1.21793
1.08193  1.21144
1.07812  1.26885
1.10995  1.21422
1.05287  1.21378
1.05552  1.2184
1.08374  1.21386
1.05992  1.21961
1.05133  1.22123
1.05675  1.2259
1.0651  1.22172
1.10744  1.23459
1.08785  1.22117
1.06374  1.22055
1.06244  1.22091
1.08859  1.21804
1.08879  1.21402
1.05553  1.22155
1.07609  1.21382
1.09225  1.22611
1.08151  1.2148
1.08122  1.20828
1.0512  1.2193
1.06696  1.21688
1.08414  1.21415
1.08231  1.22324
1.0607  1.22367
1.05756  1.22089
1.05276  1.23112
1.09569  1.21996
1.06174  1.22708
1.09747  1.21487
1.07035  1.24496
1.08678  1.21657
1.0885  1.21874
1.07021  1.21521
1.05782  1.2128
1.06125  1.21607
