On choisit de faire 50 répétitions du MPC avec 8 participants.
version d'ASCON avec lambda = 8.
nombre d'opérations non linéaires : 144
On fait la technique de vérification Banquet : les polynômes d'entrée seront de degré 15 au nombre de 9.
Taille de la signature : 49146 octets.
0.757636  0.849536
0.739428  0.846286
0.762779  0.846843
0.764074  0.848788
0.742503  0.838605
0.747185  0.85848
0.776021  0.85075
0.871328  0.849791
0.812122  0.854724
0.782741  0.904625
0.749151  0.908919
0.75175  0.894237
0.768748  0.84057
0.743674  0.83898
0.771616  0.854657
0.764939  0.836778
0.77572  0.871583
0.776017  0.84819
0.766984  0.853315
0.857835  0.839418
0.811563  0.849626
0.769972  0.885061
0.771101  0.883662
0.746147  0.871969
0.762467  0.84735
0.768045  0.852975
0.745878  0.849526
0.748111  0.851456
0.761274  0.836118
0.761807  0.846861
0.79361  0.839634
0.851345  0.84888
0.8405  0.850369
0.768165  0.942341
0.767776  0.923239
0.770073  0.85029
0.753334  0.85086
0.740034  0.848256
0.766675  0.851529
0.768707  0.836801
0.78758  0.92322
0.759119  0.844062
0.755281  0.834962
0.837921  0.839204
0.782822  0.840281
0.766123  0.937446
0.746396  0.869793
0.761016  0.843636
0.756866  0.834157
0.748643  0.837816
0.762175  0.835384
0.764331  0.842825
0.737868  0.842565
0.75946  0.836696
0.785588  0.839257
0.759765  0.864788
0.794635  0.881308
0.739846  0.903616
0.75712  0.894399
0.74572  0.851897
0.738204  0.831577
0.757889  0.851857
0.741686  0.834536
0.800225  0.839422
0.766836  0.850969
0.859088  0.839571
0.759211  0.841934
0.738002  0.873959
0.744452  0.858994
0.731682  0.842949
0.732776  0.834035
0.759207  0.832667
0.769168  0.843062
0.764599  0.83583
0.758018  0.831351
0.821533  0.854008
0.83576  0.846609
0.772888  0.868794
0.761957  0.903277
0.734949  0.855509
0.732442  0.844792
0.732711  0.837635
0.768944  0.839698
0.735892  0.847235
0.758445  0.842201
0.804106  0.839944
0.747789  0.842406
0.833788  0.838524
0.774091  0.85511
0.751046  0.932268
0.761444  0.887424
0.736479  0.834224
0.765956  0.847074
0.785946  0.837059
0.735915  0.845104
0.734402  0.835656
0.756329  0.833751
0.761837  0.84305
0.809037  0.830548
0.81361  0.85491
0.760749  0.928578
