On choisit de faire 30 répétitions du MPC avec 24 participants.
On utilise un (16,48)2-RMFE pour vérifier les AND.
On fait la technique de vérification Helium couplée à du RMFE : les polynômes d'entrée seront de degré 1 au nombre de 180.
Taille de la signature : 133716 octets.
5.88323  5.45341
4.63237  4.76842
4.65062  4.72381
4.29296  4.79968
4.40152  5.26939
4.41536  4.79049
4.31869  4.71483
4.4852  4.71106
4.48105  4.79418
4.45346  4.69534
4.45028  4.74925
4.51309  4.76939
4.53371  4.74709
4.26395  4.74674
4.316  4.78034
4.49807  4.80428
4.51627  4.76841
4.53687  4.82127
4.47286  4.86342
4.43354  4.77663
4.43533  4.72145
4.45783  4.88927
4.52318  4.74587
4.43419  4.85021
4.39127  4.83167
4.59183  4.75836
4.49709  4.74706
4.46885  4.78051
4.39753  4.79713
4.46829  4.85062
4.42254  4.87469
4.41865  4.76839
4.47866  4.88186
4.52472  4.36284
4.66765  4.73359
4.42717  4.78762
4.47239  4.74748
4.50037  4.82503
4.47979  4.71695
4.361  4.8724
4.31003  4.73626
4.51559  4.75534
4.40906  4.28714
4.43809  4.7549
4.52793  4.74088
4.37704  4.74221
4.32953  4.76142
4.43247  4.33969
4.50158  4.76022
4.50501  4.76116
4.39308  4.75159
4.42798  4.78726
4.46612  5.28969
4.47218  4.75617
4.52047  4.75423
4.53791  4.91603
4.49122  4.83731
4.51835  4.75478
4.33006  4.7826
4.54585  4.757
4.5439  4.69748
4.33111  4.78544
4.48663  4.81593
4.46072  4.6468
4.45657  4.67105
4.48237  4.67717
4.48774  4.76072
4.423  4.82543
4.41685  4.77485
4.48657  4.73972
4.39168  4.7733
4.48272  4.89876
4.44577  4.72245
4.47516  4.70464
4.33907  4.76531
4.43228  4.89417
4.41644  4.86501
4.45711  4.7885
4.46975  4.75395
4.3554  4.85925
4.47244  4.8033
4.50224  4.81059
4.45737  4.7382
4.33515  4.79627
4.50334  4.78293
4.52084  4.77161
4.46385  4.7751
4.48154  4.8688
4.54081  4.7485
4.49348  4.98929
4.49673  4.76623
4.45231  4.87783
4.40552  4.77898
4.50737  4.95458
4.54498  4.68974
4.41159  4.72483
4.52932  4.75448
4.43871  4.9497
4.4583  4.80727
4.49846  4.996
4.44668  4.88144
