On choisit de faire 36 répétitions du MPC avec 14 participants.
On utilise un (16,48)2-RMFE pour vérifier les AND.
On fait la technique de vérification Helium couplée à du RMFE : les polynômes d'entrée seront de degré 1 au nombre de 180.
Taille de la signature : 159864 octets.
4.04857  3.42729
2.78686  2.5628
3.50727  2.77857
3.19279  2.46508
3.21057  2.47984
3.15996  2.4364
3.21588  2.54955
3.00899  2.45788
3.20563  2.58594
3.19455  2.63077
3.20478  2.5122
3.21546  2.50938
3.14512  2.61598
3.18857  2.57558
3.20246  2.57593
3.193  2.57407
2.94147  2.53808
3.13347  2.51556
3.17145  2.585
2.80192  2.51822
3.18143  2.59042
2.9543  2.50816
3.18747  2.51099
3.1493  2.51153
3.14352  2.55673
3.1601  2.52916
3.25835  2.53731
3.18765  2.54094
3.18482  2.56209
3.14902  2.72172
3.13342  2.47535
3.11203  2.491
2.91515  2.4623
3.14259  2.49476
3.07991  2.3973
3.12786  2.42527
3.07977  2.55062
3.12068  2.55012
3.09029  2.49103
3.07684  2.52039
3.12134  2.52535
3.11947  2.53194
3.13772  2.51529
3.09697  2.45882
3.11068  2.51917
3.10935  2.5063
2.91675  2.44649
3.13758  2.49111
2.90146  2.45842
3.11282  2.48069
3.10856  2.52445
3.12465  2.51035
3.06055  2.48478
3.23887  2.52024
3.10964  2.50178
3.07027  2.52017
3.11008  2.52166
3.09182  2.50476
3.09193  2.54391
3.08963  2.44728
3.09804  2.55076
3.08053  2.5842
3.09818  2.54906
3.11977  2.5069
3.09691  2.49411
3.06542  2.5108
3.06958  2.49988
2.89012  2.47668
3.10017  2.48419
3.08184  2.50681
3.10825  2.45952
3.13166  2.45711
3.1028  2.49506
3.08855  2.50858
3.1121  2.49145
3.08619  2.50675
3.06031  2.5063
3.06142  2.4554
3.08871  2.45955
3.10824  2.48557
3.07885  2.55424
3.06441  2.47766
3.10914  2.47884
3.06865  2.64482
3.10061  2.44465
3.09926  2.50429
3.10248  2.49432
3.09649  2.53355
3.1267  2.51016
3.07115  2.4804
3.11378  2.52755
3.0905  2.50301
3.09207  2.45515
3.15239  2.53721
3.12782  2.49881
3.12053  2.45317
3.12909  2.51054
3.06445  2.53384
3.11693  2.54009
3.0658  2.52425
3.09654  2.47769
