On choisit de faire 21 répétitions du MPC avec 107 participants.
On utilise un (16,48)2-RMFE pour vérifier les AND.
On fait la technique de vérification Helium couplée à du RMFE : les polynômes d'entrée seront de degré 1 au nombre de 180.
Taille de la signature : 94302 octets.
12.2135  12.1367
12.2747  12.166
12.2155  12.3238
12.0944  12.4731
12.2671  12.4848
12.0082  12.1355
12.2902  12.1696
12.1469  12.4521
12.1822  12.462
12.54  12.3868
12.1619  12.1636
11.9893  12.1626
12.1183  12.1194
12.2991  12.4083
12.0746  12.1766
12.2023  12.435
12.1979  12.4121
12.4566  12.165
12.1677  12.4879
12.3492  12.4274
12.3216  12.3411
12.2264  12.4127
12.3528  12.5038
12.255  12.4239
12.2301  12.3926
12.2515  12.402
12.228  12.4292
12.1514  12.5139
12.1398  12.355
12.155  12.1655
12.0354  12.2211
12.2619  12.3683
12.1114  12.1294
12.1159  12.2163
12.1726  12.17
12.1302  12.4051
11.9223  12.143
11.6976  11.817
12.2006  12.2045
12.0919  12.1498
12.2103  12.4663
12.2945  12.3917
12.0445  12.1179
12.2779  12.5297
12.1094  12.1685
12.2576  12.1654
12.1188  12.2144
12.1021  12.3717
12.3032  12.3904
12.2228  12.4278
12.3727  12.4058
12.1395  12.3389
11.8107  11.8414
11.9085  11.875
11.9818  11.852
11.8639  12.2069
11.9199  11.8207
11.7992  11.8333
11.7645  12.1375
11.6969  11.7566
11.9958  11.7954
11.8038  12.1616
11.884  11.8415
11.8083  11.8112
11.9524  12.1106
11.844  12.0989
11.7628  11.8006
11.6351  11.8401
12.0312  12.1106
11.8965  12.179
11.8605  12.1206
11.8045  11.7903
11.852  11.7866
11.9003  11.8728
12.0366  12.0408
11.8772  12.0886
11.9368  12.1206
11.7747  12.1075
12.0604  12.0592
11.9276  12.0648
12.0818  12.1776
11.9751  12.1241
11.8482  11.905
11.7235  11.8436
11.9496  11.7885
12.0509  11.8909
11.9114  12.1184
11.8567  12.1055
11.945  12.0235
11.8878  11.7892
11.6393  11.7928
12.0002  11.828
11.8084  11.7919
11.9899  12.1987
11.962  12.1949
12.5451  12.3699
12.1838  12.1609
12.259  12.323
12.1896  12.39
12.1629  12.242
12.1258  12.1479
