On choisit de faire 33 répétitions du MPC avec 18 participants.
On utilise un (16,48)2-RMFE pour vérifier les AND.
On fait la technique de vérification Helium couplée à du RMFE : les polynômes d'entrée seront de degré 1 au nombre de 180.
Taille de la signature : 147078 octets.
3.70005  4.91813
3.98378  4.55825
3.8283  4.44129
3.76687  4.43777
3.84091  4.43835
3.86861  4.40581
3.8475  3.92833
3.70564  3.98104
4.20905  4.57405
3.58375  5.29427
3.7152  4.51372
3.86598  3.94191
3.71545  3.45266
3.84347  3.50235
3.74716  3.96647
3.84607  4.393
3.67884  3.97998
3.8224  3.90603
3.68241  3.50998
3.85234  3.47036
3.84787  4.41755
3.85117  4.48855
3.68126  4.46286
3.57105  3.82023
3.62906  4.3989
3.60242  3.89956
3.60108  4.36627
3.78573  3.89039
3.62379  4.35486
3.63103  3.96001
3.83076  4.29437
3.78114  3.91739
3.87883  4.39354
3.86207  3.93755
3.85514  3.8868
3.67672  4.46063
3.73759  4.07979
3.82201  4.40119
3.73583  4.50821
3.80195  4.42584
3.81898  3.95175
3.70832  3.98499
3.70597  4.44558
3.88552  3.91266
4.1482  3.51244
3.6801  4.47341
3.75787  4.47518
3.85719  4.40364
3.8515  4.37428
3.70029  4.47366
3.55595  3.97117
3.81943  3.92501
3.68872  4.52461
3.85693  4.41323
3.79231  4.47233
3.84788  3.91639
3.72138  4.47366
3.66692  4.45433
3.72159  4.50979
3.81788  3.9359
3.82911  4.38376
3.87293  4.42386
3.83692  4.37516
3.80466  4.41924
3.78682  4.36934
3.73408  4.00574
3.87057  3.86219
3.60035  4.42811
3.61004  4.37804
3.7335  3.83969
3.55864  3.87925
3.80889  4.30751
3.78237  3.82232
3.77772  3.3448
3.63187  3.8878
3.74863  3.34432
3.60954  4.38495
3.75895  3.47149
3.76515  4.37823
3.82203  3.8882
3.73706  4.29324
3.45783  3.87568
3.60195  4.38313
3.53805  4.35632
3.62936  4.32757
3.76252  4.26685
3.86493  4.40497
3.86815  4.40238
3.85134  4.38265
3.86429  4.40839
3.68745  4.48385
3.86751  3.95873
3.68773  3.98104
3.81106  4.43595
3.67533  4.4495
3.69619  4.49837
3.86366  3.84698
3.80449  4.42516
3.78786  4.68609
3.82354  4.40819
3.83556  3.91904
