On choisit de faire 48 répétitions du MPC avec 7 participants.
On utilise un (16,48)2-RMFE pour vérifier les AND.
On fait la technique de vérification Helium couplée à du RMFE : les polynômes d'entrée seront de degré 1 au nombre de 180.
Taille de la signature : 212352 octets.
2.86153  1.73582
2.13694  1.56303
2.19921  1.51848
2.10729  1.58891
2.10257  1.52915
2.11436  1.50984
2.17184  1.52741
2.10933  1.61144
2.14861  1.52322
2.09542  1.53825
2.19113  1.54805
2.10969  1.55248
2.11255  1.57245
2.10088  1.58222
2.09922  1.5274
2.09755  1.52836
2.08095  1.50868
2.09523  1.51932
2.07936  1.48511
2.08401  1.53509
2.09539  1.53663
2.09117  1.5168
2.11329  1.57073
2.11396  1.64246
2.13546  1.56449
2.09051  1.56142
2.10397  1.55141
2.10125  1.55649
2.17163  1.53622
2.15908  1.55011
2.08479  1.55623
2.10066  1.55392
2.14686  1.51131
2.11249  1.50761
2.09211  1.52837
2.14786  1.53656
2.10137  1.59164
2.13939  1.57788
2.12455  1.50348
2.10089  1.53976
2.11884  1.56943
2.10889  1.57211
2.09142  1.54817
2.12086  1.5321
2.11474  1.58428
2.13862  1.53709
2.10597  1.57408
2.10708  1.53389
2.12693  1.54585
2.10581  1.55079
2.12369  1.52009
2.11135  1.51456
2.10692  1.57838
2.08417  1.53473
2.09984  1.53707
2.17495  1.51312
2.08359  1.52548
2.0992  1.50544
2.101  1.5273
2.04786  1.49665
2.07367  1.50017
2.09919  1.5297
2.09923  1.48983
2.14375  1.50301
2.08869  1.55512
2.11733  1.52069
2.10207  1.55375
2.13813  1.57493
2.12117  1.52845
2.08616  1.52627
2.1065  1.59754
2.13122  1.5929
2.0992  1.53574
2.10588  1.5764
2.09647  1.50879
2.08763  1.53386
2.12323  1.55469
2.15594  1.51264
2.09489  1.53244
2.10695  1.55342
2.11328  1.52776
2.10527  1.52727
2.09949  1.53765
2.10041  1.52285
2.07586  1.53028
2.11122  1.54502
2.13712  1.51723
2.0949  1.52061
2.10118  1.57293
2.11295  1.57018
2.06675  1.50868
2.07769  1.5322
2.08789  1.58774
2.15917  1.52454
2.09038  1.55689
2.12301  1.51547
2.08324  1.50765
2.06344  1.55112
2.0904  1.50615
2.08704  1.5049
2.1653  1.54441
