On choisit de faire 27 répétitions du MPC avec 35 participants.
On utilise un (16,48)2-RMFE pour vérifier les AND.
On fait la technique de vérification Helium couplée à du RMFE : les polynômes d'entrée seront de degré 1 au nombre de 180.
Taille de la signature : 120786 octets.
5.40848  5.65244
5.34464  5.70841
5.43978  5.70721
5.40732  5.73477
5.38869  5.76602
5.46648  5.72853
5.37775  5.80295
5.33121  5.77657
5.47506  6.13351
5.29335  6.14175
5.466  5.79581
5.42092  5.71288
5.43413  5.7787
5.4663  5.83384
5.43996  5.82876
5.40194  5.79303
5.43495  5.79971
5.51036  5.75296
5.42517  5.67509
5.37373  5.76668
5.43629  5.73213
5.65507  5.73261
5.48124  6.82564
7.62314  6.18165
5.374  7.02389
5.31625  6.02661
5.38303  5.74856
5.39377  5.74346
5.4023  5.74332
5.39627  5.69471
5.39942  5.83432
5.40454  5.75751
5.49534  5.76173
5.42452  5.76307
5.4129  5.76034
5.37534  5.75194
5.45784  5.71151
5.44106  5.78567
5.34063  5.7495
5.42456  5.76283
5.33472  5.74758
5.47061  5.68659
5.54998  5.98873
5.33335  5.5851
5.1606  5.60104
5.38246  5.7691
5.14429  5.63219
5.28544  5.58444
5.31165  5.6462
5.22205  5.62448
5.23502  5.62921
5.29235  5.81926
5.51076  5.63754
5.31906  5.70003
5.24052  5.63455
5.32194  5.62532
5.21612  5.60944
5.37708  5.64154
5.31449  5.65791
5.31491  5.66522
5.18097  5.64152
5.2904  5.60605
5.39121  5.72834
5.45667  5.59771
5.18975  5.28452
5.33129  6.05797
5.26535  5.6033
5.23294  5.70263
5.38715  5.63419
5.28272  5.62218
5.3276  5.63905
5.35181  5.67168
5.32155  5.60448
5.30651  5.60731
5.27213  5.56566
5.30235  5.61432
5.32672  5.62808
5.2099  5.63558
5.3804  5.60031
5.21289  5.66404
5.29725  5.64783
5.39844  5.79891
5.30829  5.62095
5.41779  5.56333
5.1841  5.63363
5.36834  5.69571
5.32976  5.6468
5.27732  5.64407
5.31434  5.59755
5.32999  5.58827
5.35187  5.67289
5.405  5.6205
5.29632  5.64093
5.38232  5.63934
5.26719  5.61426
5.30505  5.32408
5.35156  5.6285
5.2849  5.64494
5.22149  5.71449
5.33408  5.73055
5.38162  5.62889
