On choisit de faire 18 répétitions du MPC avec 256 participants.
On utilise un (16,48)2-RMFE pour vérifier les AND.
On fait la technique de vérification Helium couplée à du RMFE : les polynômes d'entrée seront de degré 1 au nombre de 180.
Taille de la signature : 81132 octets.
25.5561  24.0484
24.0061  23.6621
23.9823  23.4384
23.4725  23.35
23.6651  24.0476
23.5657  23.3892
23.3695  23.1484
23.7261  23.3351
23.5691  23.1461
23.5981  23.3805
23.4151  23.3683
23.4832  23.3911
23.4937  23.3947
23.7391  23.3498
23.6002  23.4647
23.5569  23.3389
23.5111  23.4202
23.6668  23.4513
23.6847  23.3792
23.5723  23.2549
23.7178  23.3912
23.5765  23.4753
23.5522  23.4086
22.8913  22.6801
22.6766  22.6331
22.7806  22.7113
22.6824  22.4154
22.7759  22.6601
22.7761  22.6889
22.9039  22.7145
22.7938  22.7115
22.6557  22.6735
22.6765  22.6615
22.9946  22.6559
22.8537  22.4249
22.7744  22.6428
22.8581  22.6263
22.8236  22.6858
22.8388  22.6708
23.0245  22.6391
22.8722  22.6845
22.6874  22.6963
22.7549  22.656
22.561  22.4794
22.7599  22.4243
22.7432  22.3985
22.8412  22.7075
22.8431  22.6542
22.9381  22.713
22.8087  22.7102
22.9776  22.7305
22.8222  22.7912
22.7583  22.7475
22.6922  22.6272
22.8197  22.6968
22.7221  22.6608
22.7649  22.6724
22.8407  22.6943
22.8683  22.6871
22.6741  22.6725
22.9595  22.4707
22.7455  22.6687
22.848  22.6695
22.7807  22.6883
22.6708  22.6256
22.7441  22.6999
22.5877  22.6612
22.9522  22.608
22.8053  22.6806
22.5732  22.6642
22.9582  22.6512
22.8294  22.66
22.8513  22.6928
22.8713  22.7674
22.7368  22.7062
23.1247  22.4832
22.7581  22.7127
22.8961  22.717
22.784  22.6344
22.8655  22.7143
22.8781  22.6924
22.8982  22.6796
22.5901  22.4056
22.9388  22.7422
22.8556  22.6832
22.8719  22.475
22.9585  22.6346
22.7442  22.691
22.9474  22.7025
22.7926  22.6749
22.997  22.668
23.4285  23.3476
23.5493  23.3291
23.602  23.3007
23.7377  23.1481
23.7759  23.3654
23.7742  23.3753
23.7841  23.3731
23.6367  23.3857
23.7018  23.1922
23.5912  23.4313
