On choisit de faire 24 répétitions du MPC avec 57 participants.
On utilise un (16,48)2-RMFE pour vérifier les AND.
On fait la technique de vérification Helium couplée à du RMFE : les polynômes d'entrée seront de degré 1 au nombre de 180.
Taille de la signature : 107376 octets.
8.46051  7.85029
7.84249  6.83015
7.72153  6.83935
7.71573  7.03269
7.56158  6.97398
7.56199  6.86101
7.81968  6.9544
7.56193  7.07291
7.65031  6.94436
7.64818  6.88302
7.67614  6.79017
7.64052  7.16959
7.55382  6.83089
7.61414  6.84198
7.6765  6.8343
7.52971  7.03097
7.77398  6.8396
7.65422  6.90417
7.50631  6.87787
7.58191  6.84137
7.77902  6.8547
7.72181  6.83087
7.49056  6.81031
7.50567  6.82821
7.53708  6.97715
7.67429  6.85959
7.79096  6.92874
7.74642  6.97363
7.73847  6.97653
7.68327  6.96997
7.70627  7.0571
7.55698  6.93226
7.5019  6.92197
7.69056  6.85788
7.64767  6.85131
7.60572  7.02658
7.71262  7.01168
7.76367  6.84762
7.68337  6.96446
7.75746  6.93508
7.76458  6.95706
7.86119  6.95965
7.72222  7.00795
7.79783  6.88034
7.56618  6.96323
7.56634  7.0304
7.70141  7.04148
7.783  7.00298
7.73141  7.0166
7.89941  6.86775
7.75012  7.03827
7.57186  6.87348
7.74524  6.92134
7.81351  7.01307
7.73701  7.00463
7.71873  6.94355
7.73687  6.94972
7.65673  6.84563
7.60721  6.91489
7.59827  7.02556
7.75323  6.99306
7.77226  6.85639
7.70782  7.09842
7.85739  6.88531
7.8452  6.90504
7.64369  7.00031
7.62259  6.97478
7.65247  7.01283
7.71676  6.95279
7.72509  6.95142
7.69169  6.88502
7.618  6.93106
7.77822  6.87497
7.71145  7.02842
7.63342  6.94033
7.77173  6.80941
7.69329  6.92598
7.62332  7.00065
7.54762  7.09622
7.5932  7.03407
7.75663  6.89513
7.69343  6.98784
7.57617  7.03873
7.69247  6.85958
7.57756  6.89188
7.62623  7.05509
7.79686  6.9923
7.65718  6.96586
7.65054  7.0518
7.6989  7.0911
8.05888  7.05235
7.75697  7.15407
7.6981  7.10813
7.82712  6.93757
7.86408  6.85141
7.58074  6.97465
7.75349  6.87333
7.60336  6.81951
7.61864  7.09611
7.87393  6.91597
7.74186  6.84836
